,index,Signal,Peak pos,Peak heights,Threshold,Peak proms,Time of death,Beginning of oscillation,End of oscillation,Condition
0,1,ppf024_xy04_0,3.0,0.06076337888551054,0.01,0.01,0.0,0.0,28.0,Control
1,2,ppf024_xy04_0,8.0,0.3379443566071489,0.01,0.01,0.0,0.0,28.0,Control
2,3,ppf024_xy04_0,13.0,0.570107041071554,0.01,0.01,0.0,0.0,28.0,Control
3,4,ppf024_xy04_0,20.0,1.0,0.01,0.01,0.0,0.0,28.0,Control
4,8,ppf024_xy05_0,8.0,0.32025527800567205,0.01,0.01,0.0,4.0,23.0,Control
5,9,ppf024_xy05_0,16.0,1.0,0.01,0.01,0.0,4.0,23.0,Control
6,13,ppf024_xy06_0,5.0,0.10147265403217175,0.01,0.01,0.0,0.0,25.0,Control
7,14,ppf024_xy06_0,11.0,0.46684084078972204,0.01,0.01,0.0,0.0,25.0,Control
8,15,ppf024_xy06_0,18.0,1.0,0.01,0.01,0.0,0.0,25.0,Control
9,24,ppf024_xy09_0,4.0,0.5126515329611365,0.01,0.11,0.0,0.0,25.0,Control
10,25,ppf024_xy09_0,10.0,0.7831282787537579,0.01,0.11,0.0,0.0,25.0,Control
11,26,ppf024_xy09_0,17.0,1.0,0.01,0.11,0.0,0.0,25.0,Control
12,32,ppf024_xy11_0,5.0,0.28506510529848705,0.01,0.03,0.0,0.0,33.0,Control
13,33,ppf024_xy11_0,11.0,0.913722352257924,0.01,0.03,0.0,0.0,33.0,Control
14,34,ppf024_xy11_0,18.0,1.0,0.01,0.03,0.0,0.0,33.0,Control
15,35,ppf024_xy11_0,26.0,0.8447317738630151,0.01,0.03,0.0,0.0,33.0,Control
16,37,ppf024_xy13_0,5.0,0.08681706484576385,0.01,0.03,0.0,0.0,38.0,Control
17,38,ppf024_xy13_0,11.0,0.3340094300670952,0.01,0.03,0.0,0.0,38.0,Control
18,39,ppf024_xy13_0,18.0,0.35303554249326613,0.01,0.03,0.0,0.0,38.0,Control
19,40,ppf024_xy13_0,24.0,0.43257485809277235,0.01,0.03,0.0,0.0,38.0,Control
20,41,ppf024_xy13_0,32.0,0.45765101466194624,0.01,0.03,0.0,0.0,38.0,Control
21,46,ppf024_xy19_0,6.0,0.10925718975576333,0.01,0.03,0.0,0.0,29.0,Control
22,47,ppf024_xy19_0,10.0,0.41552260771204286,0.01,0.03,0.0,0.0,29.0,Control
23,48,ppf024_xy19_0,16.0,1.0,0.01,0.03,0.0,0.0,29.0,Control
24,49,ppf024_xy19_0,23.0,0.6734127363753724,0.01,0.03,0.0,0.0,29.0,Control
25,50,ppf024_xy25_0,4.0,0.12353219712010821,0.01,0.03,0.0,0.0,24.0,Control
26,51,ppf024_xy25_0,10.0,0.7374976200030884,0.01,0.03,0.0,0.0,24.0,Control
27,52,ppf024_xy25_0,18.0,1.0,0.01,0.03,0.0,0.0,24.0,Control
28,53,ppf024_xy26_0,6.0,0.4382312137772038,0.01,0.03,0.0,0.0,30.0,Control
29,54,ppf024_xy26_0,11.0,0.7374928993733433,0.01,0.03,0.0,0.0,30.0,Control
30,55,ppf024_xy26_0,17.0,1.0,0.01,0.03,0.0,0.0,30.0,Control
31,56,ppf024_xy26_0,25.0,0.835929013995367,0.01,0.03,0.0,0.0,30.0,Control
32,61,ppf024_xy28_2,3.0,0.030986528479058573,0.01,0.02,0.0,0.0,29.0,Control
33,62,ppf024_xy28_2,10.0,0.05732710038167929,0.01,0.02,0.0,0.0,29.0,Control
34,63,ppf024_xy28_2,15.0,0.9254246632963203,0.01,0.02,0.0,0.0,29.0,Control
35,64,ppf024_xy28_2,21.0,0.852844863195261,0.01,0.02,0.0,0.0,29.0,Control
36,65,ppf024_xy28_2,23.0,1.0,0.01,0.02,0.0,0.0,29.0,Control
37,70,ppf024_xy28_1,3.0,0.045141852184282634,0.01,0.01,0.0,0.0,35.0,Control
38,71,ppf024_xy28_1,9.0,0.06163189791663972,0.01,0.01,0.0,0.0,35.0,Control
39,72,ppf024_xy28_1,16.0,0.6994982809128824,0.01,0.01,0.0,0.0,35.0,Control
40,73,ppf024_xy28_1,23.0,1.0,0.01,0.01,0.0,0.0,35.0,Control
41,74,ppf024_xy28_1,31.0,0.41414768793150025,0.01,0.01,0.0,0.0,35.0,Control
42,80,ppf024_xy29_0,5.0,0.2472119849974409,0.01,0.01,0.0,0.0,37.0,Control
43,81,ppf024_xy29_0,10.0,0.5419614976661608,0.01,0.01,0.0,0.0,37.0,Control
44,82,ppf024_xy29_0,16.0,1.0,0.01,0.01,0.0,0.0,37.0,Control
45,83,ppf024_xy29_0,23.0,0.590986022221181,0.01,0.01,0.0,0.0,37.0,Control
46,84,ppf024_xy29_0,30.0,0.47057071466003764,0.01,0.01,0.0,0.0,37.0,Control
47,89,ppf024_xy32_0,1.0,0.14485765602733072,0.01,0.01,0.0,0.0,32.0,Control
48,90,ppf024_xy32_0,11.0,1.0,0.01,0.01,0.0,0.0,32.0,Control
49,91,ppf024_xy32_0,19.0,0.18649497228505676,0.01,0.01,0.0,0.0,32.0,Control
50,92,ppf024_xy32_0,26.0,0.26870938249551973,0.01,0.01,0.0,0.0,32.0,Control
51,98,ppf024_xy34_0,15.0,0.9225380206721847,0.01,0.08,0.0,5.0,37.0,40 nM
52,99,ppf024_xy34_0,23.0,1.0,0.01,0.08,0.0,5.0,37.0,40 nM
53,100,ppf024_xy34_0,33.0,0.7363428990102122,0.01,0.08,0.0,5.0,37.0,40 nM
54,101,ppf024_xy35_0,1.0,0.20039596717158362,0.01,0.01,0.0,0.0,45.0,40 nM
55,102,ppf024_xy35_0,6.0,0.1725496100557019,0.01,0.01,0.0,0.0,45.0,40 nM
56,103,ppf024_xy35_0,13.0,0.21604386405339857,0.01,0.01,0.0,0.0,45.0,40 nM
57,104,ppf024_xy35_0,21.0,0.2174606605121276,0.01,0.01,0.0,0.0,45.0,40 nM
58,105,ppf024_xy35_0,28.0,0.45976415920311564,0.01,0.01,0.0,0.0,45.0,40 nM
59,106,ppf024_xy35_0,38.0,1.0,0.01,0.01,0.0,0.0,45.0,40 nM
60,110,ppf024_xy36_0,2.0,0.0329048416615893,0.01,0.01,0.0,0.0,44.0,40 nM
61,111,ppf024_xy36_0,8.0,0.03650596742026716,0.01,0.01,0.0,0.0,44.0,40 nM
62,112,ppf024_xy36_0,13.0,0.2701262771210431,0.01,0.01,0.0,0.0,44.0,40 nM
63,113,ppf024_xy36_0,20.0,0.722725134316953,0.01,0.01,0.0,0.0,44.0,40 nM
64,114,ppf024_xy36_0,28.0,1.0,0.01,0.01,0.0,0.0,44.0,40 nM
65,115,ppf024_xy36_0,37.0,0.34177699454032145,0.01,0.01,0.0,0.0,44.0,40 nM
66,122,ppf024_xy37_0,9.0,0.12310028640402448,0.01,0.08,0.0,0.0,43.0,40 nM
67,123,ppf024_xy37_0,17.0,0.6518291211122486,0.01,0.08,0.0,0.0,43.0,40 nM
68,124,ppf024_xy37_0,24.0,0.6448855242555573,0.01,0.08,0.0,0.0,43.0,40 nM
69,125,ppf024_xy37_0,36.0,1.0,0.01,0.08,0.0,0.0,43.0,40 nM
70,128,ppf024_xy38_0,9.0,0.49019406521053566,0.01,0.03,0.0,0.0,51.0,40 nM
71,129,ppf024_xy38_0,18.0,0.13130209840746013,0.01,0.03,0.0,0.0,51.0,40 nM
72,130,ppf024_xy38_0,29.0,0.09697931580405102,0.01,0.03,0.0,0.0,51.0,40 nM
73,131,ppf024_xy38_0,38.0,1.0,0.01,0.03,0.0,0.0,51.0,40 nM
74,132,ppf024_xy38_0,46.0,0.2119112198328647,0.01,0.03,0.0,0.0,51.0,40 nM
75,135,ppf024_xy47_0,2.0,0.02211284219976607,0.01,0.02,0.0,0.0,52.0,40 nM
76,136,ppf024_xy47_0,9.0,0.04117956751468924,0.01,0.02,0.0,0.0,52.0,40 nM
77,137,ppf024_xy47_0,16.0,0.033557498038217774,0.01,0.02,0.0,0.0,52.0,40 nM
78,138,ppf024_xy47_0,24.0,1.0,0.01,0.02,0.0,0.0,52.0,40 nM
79,139,ppf024_xy47_0,26.0,0.6615062216601268,0.01,0.02,0.0,0.0,52.0,40 nM
80,140,ppf024_xy47_0,36.0,0.5463631936526471,0.01,0.02,0.0,0.0,52.0,40 nM
81,141,ppf024_xy47_0,46.0,0.41542955322519687,0.01,0.02,0.0,0.0,52.0,40 nM
82,142,ppf024_xy48_0,7.0,0.17769602590322467,0.01,0.08,0.0,0.0,36.0,40 nM
83,143,ppf024_xy48_0,19.0,0.6222887435353393,0.01,0.08,0.0,0.0,36.0,40 nM
84,144,ppf024_xy48_0,27.0,1.0,0.01,0.08,0.0,0.0,36.0,40 nM
85,145,ppf024_xy48_0,34.0,0.2161679981855978,0.01,0.08,0.0,0.0,36.0,40 nM
86,149,ppf024_xy51_0,14.0,0.07668540203023977,0.01,0.02,0.0,11.0,61.0,40 nM
87,150,ppf024_xy51_0,20.0,0.29441322459895947,0.01,0.02,0.0,11.0,61.0,40 nM
88,151,ppf024_xy51_0,28.0,0.5440995123662432,0.01,0.02,0.0,11.0,61.0,40 nM
89,152,ppf024_xy51_0,33.0,0.11383227464730591,0.01,0.02,0.0,11.0,61.0,40 nM
90,153,ppf024_xy51_0,44.0,1.0,0.01,0.02,0.0,11.0,61.0,40 nM
91,154,ppf024_xy51_0,54.0,0.9410868913251791,0.01,0.02,0.0,11.0,61.0,40 nM
92,159,ppf024_xy52_0,6.0,0.2071616066928883,0.01,0.02,0.0,4.0,44.0,40 nM
93,160,ppf024_xy52_0,12.0,0.264193667082881,0.01,0.02,0.0,4.0,44.0,40 nM
94,161,ppf024_xy52_0,17.0,0.19469284106335374,0.01,0.02,0.0,4.0,44.0,40 nM
95,162,ppf024_xy52_0,22.0,0.17102504954933226,0.01,0.02,0.0,4.0,44.0,40 nM
96,163,ppf024_xy52_0,28.0,0.6998355008049837,0.01,0.02,0.0,4.0,44.0,40 nM
97,164,ppf024_xy52_0,36.0,1.0,0.01,0.02,0.0,4.0,44.0,40 nM
98,169,ppf024_xy53_0,7.0,0.3629681043087038,0.01,0.02,0.0,0.0,38.0,40 nM
99,170,ppf024_xy53_0,13.0,0.5715524807286387,0.01,0.02,0.0,0.0,38.0,40 nM
100,171,ppf024_xy53_0,20.0,0.4607598157749533,0.01,0.02,0.0,0.0,38.0,40 nM
101,172,ppf024_xy53_0,30.0,1.0,0.01,0.02,0.0,0.0,38.0,40 nM
102,180,ppf024_xy56_0,1.0,0.28864884257308704,0.01,0.02,0.0,0.0,40.0,40 nM
103,181,ppf024_xy56_0,9.0,0.43998838522225603,0.01,0.02,0.0,0.0,40.0,40 nM
104,182,ppf024_xy56_0,15.0,0.19637851096810124,0.01,0.02,0.0,0.0,40.0,40 nM
105,183,ppf024_xy56_0,25.0,0.31195314794560175,0.01,0.02,0.0,0.0,40.0,40 nM
106,184,ppf024_xy56_0,33.0,1.0,0.01,0.02,0.0,0.0,40.0,40 nM
107,190,ppf024_xy57_0,3.0,0.02223433183855971,0.01,0.01,64.0,0.0,74.0,40 nM
108,191,ppf024_xy57_0,8.0,0.03991507013379173,0.01,0.01,64.0,0.0,74.0,40 nM
109,192,ppf024_xy57_0,14.0,0.04950117464567818,0.01,0.01,64.0,0.0,74.0,40 nM
110,193,ppf024_xy57_0,19.0,0.1217567455884696,0.01,0.01,64.0,0.0,74.0,40 nM
111,194,ppf024_xy57_0,26.0,0.09856296963387916,0.01,0.01,64.0,0.0,74.0,40 nM
112,195,ppf024_xy57_0,33.0,0.09209974455970116,0.01,0.01,64.0,0.0,74.0,40 nM
113,196,ppf024_xy57_0,41.0,0.3278492634775423,0.01,0.01,64.0,0.0,74.0,40 nM
114,197,ppf024_xy57_0,49.0,0.49866889661596414,0.01,0.01,64.0,0.0,74.0,40 nM
115,198,ppf024_xy57_0,60.0,0.7128549721464084,0.01,0.01,64.0,0.0,74.0,40 nM
116,199,ppf024_xy57_0,71.0,1.0,0.01,0.01,64.0,0.0,74.0,40 nM
117,200,ppf024_xy58_0,5.0,0.06248987883093371,0.01,0.0,0.0,0.0,30.0,40 nM
118,201,ppf024_xy58_0,13.0,1.0,0.01,0.0,0.0,0.0,30.0,40 nM
119,202,ppf024_xy58_0,22.0,0.7563779740272867,0.01,0.0,0.0,0.0,30.0,40 nM
120,203,ppf024_xy58_0,24.0,0.7607627044637492,0.01,0.0,0.0,0.0,30.0,40 nM
121,218,ppf024_xy59_0,7.0,0.045738663520951184,0.01,0.02,0.0,0.0,64.0,40 nM
122,219,ppf024_xy59_0,12.0,0.2682258059336448,0.01,0.02,0.0,0.0,64.0,40 nM
123,220,ppf024_xy59_0,19.0,0.4376486364267553,0.01,0.02,0.0,0.0,64.0,40 nM
124,221,ppf024_xy59_0,26.0,0.506277313780033,0.01,0.02,0.0,0.0,64.0,40 nM
125,222,ppf024_xy59_0,35.0,0.6845292839636706,0.01,0.02,0.0,0.0,64.0,40 nM
126,223,ppf024_xy59_0,44.0,0.7565693845193722,0.01,0.02,0.0,0.0,64.0,40 nM
127,224,ppf024_xy59_0,55.0,1.0,0.01,0.02,0.0,0.0,64.0,40 nM
128,226,ppf024_xy60_0,17.0,0.05910028107695738,0.01,0.02,0.0,14.0,47.0,40 nM
129,227,ppf024_xy60_0,24.0,0.24361211091816953,0.01,0.02,0.0,14.0,47.0,40 nM
130,228,ppf024_xy60_0,33.0,1.0,0.01,0.02,0.0,14.0,47.0,40 nM
131,229,ppf024_xy60_0,43.0,0.15701251004790456,0.01,0.02,0.0,14.0,47.0,40 nM
132,232,ppf024_xy63_0,6.0,0.2627307997263688,0.01,0.0,0.0,0.0,32.0,40 nM
133,233,ppf024_xy63_0,12.0,0.5676053689543713,0.01,0.0,0.0,0.0,32.0,40 nM
134,234,ppf024_xy63_0,18.0,0.9835919184304759,0.01,0.0,0.0,0.0,32.0,40 nM
135,235,ppf024_xy63_0,26.0,1.0,0.01,0.0,0.0,0.0,32.0,40 nM
136,249,ppf024_xy64_0,11.0,0.16292256765402932,0.01,0.04,0.0,5.0,39.0,40 nM
137,250,ppf024_xy64_0,24.0,0.1570287413735563,0.01,0.04,0.0,5.0,39.0,40 nM
138,251,ppf024_xy64_0,32.0,1.0,0.01,0.04,0.0,5.0,39.0,40 nM
139,252,ppf024_xy68_0,5.0,0.08153410282020203,0.01,0.04,0.0,0.0,32.0,80 nM
140,253,ppf024_xy68_0,12.0,0.7445827638548337,0.01,0.04,0.0,0.0,32.0,80 nM
141,254,ppf024_xy68_0,25.0,1.0,0.01,0.04,0.0,0.0,32.0,80 nM
142,255,ppf024_xy69_0,1.0,0.08445529791813837,0.01,0.04,0.0,0.0,38.0,80 nM
143,256,ppf024_xy69_0,7.0,0.10600686576860581,0.01,0.04,0.0,0.0,38.0,80 nM
144,257,ppf024_xy69_0,15.0,1.0,0.01,0.04,0.0,0.0,38.0,80 nM
145,258,ppf024_xy69_0,24.0,0.6599881315869527,0.01,0.04,0.0,0.0,38.0,80 nM
146,259,ppf024_xy69_0,34.0,0.1865912679312721,0.01,0.04,0.0,0.0,38.0,80 nM
147,261,ppf024_xy70_0,2.0,0.19055555136031843,0.01,0.04,0.0,0.0,25.0,80 nM
148,262,ppf024_xy70_0,7.0,0.5860345462115513,0.01,0.04,0.0,0.0,25.0,80 nM
149,263,ppf024_xy70_0,17.0,1.0,0.01,0.04,0.0,0.0,25.0,80 nM
150,269,ppf024_xy74_0,8.0,0.07104337793521244,0.01,0.05,0.0,5.0,43.0,80 nM
151,270,ppf024_xy74_0,15.0,0.4056908429452112,0.01,0.05,0.0,5.0,43.0,80 nM
152,271,ppf024_xy74_0,27.0,0.9676180902680264,0.01,0.05,0.0,5.0,43.0,80 nM
153,272,ppf024_xy74_0,36.0,1.0,0.01,0.05,0.0,5.0,43.0,80 nM
154,273,ppf024_xy74_1,1.0,0.07916241398981978,0.01,0.0,0.0,0.0,41.0,80 nM
155,274,ppf024_xy74_1,7.0,0.1398434748921687,0.01,0.0,0.0,0.0,41.0,80 nM
156,275,ppf024_xy74_1,14.0,0.41008452447669763,0.01,0.0,0.0,0.0,41.0,80 nM
157,276,ppf024_xy74_1,23.0,0.44052607528455656,0.01,0.0,0.0,0.0,41.0,80 nM
158,277,ppf024_xy74_1,35.0,1.0,0.01,0.0,0.0,0.0,41.0,80 nM
159,290,ppf024_xy84_0,4.0,0.0633281948827408,0.01,0.03,0.0,0.0,58.0,80 nM
160,291,ppf024_xy84_0,10.0,0.224111856439326,0.01,0.03,0.0,0.0,58.0,80 nM
161,292,ppf024_xy84_0,12.0,0.21058860129787643,0.01,0.03,0.0,0.0,58.0,80 nM
162,293,ppf024_xy84_0,21.0,0.2226752138683545,0.01,0.03,0.0,0.0,58.0,80 nM
163,294,ppf024_xy84_0,35.0,0.28612220777531405,0.01,0.03,0.0,0.0,58.0,80 nM
164,295,ppf024_xy84_0,47.0,1.0,0.01,0.03,0.0,0.0,58.0,80 nM
165,297,ppf024_xy85_0,2.0,0.03984457576957176,0.01,0.03,0.0,0.0,74.0,80 nM
166,298,ppf024_xy85_0,8.0,0.0926462535051799,0.01,0.03,0.0,0.0,74.0,80 nM
167,299,ppf024_xy85_0,16.0,0.15214554983682718,0.01,0.03,0.0,0.0,74.0,80 nM
168,300,ppf024_xy85_0,24.0,0.2980069055041196,0.01,0.03,0.0,0.0,74.0,80 nM
169,301,ppf024_xy85_0,34.0,0.5070911130512242,0.01,0.03,0.0,0.0,74.0,80 nM
170,302,ppf024_xy85_0,45.0,0.3005353597507438,0.01,0.03,0.0,0.0,74.0,80 nM
171,303,ppf024_xy85_0,56.0,0.41409114413654663,0.01,0.03,0.0,0.0,74.0,80 nM
172,304,ppf024_xy85_0,69.0,1.0,0.01,0.03,0.0,0.0,74.0,80 nM
173,305,ppf024_xy85_0,71.0,0.8433562401459002,0.01,0.03,0.0,0.0,74.0,80 nM
174,306,ppf024_xy86_0,16.0,0.29188336239974483,0.01,0.07,0.0,0.0,58.0,80 nM
175,307,ppf024_xy86_0,24.0,0.1250581544087196,0.01,0.07,0.0,0.0,58.0,80 nM
176,308,ppf024_xy86_0,36.0,0.669089606087801,0.01,0.07,0.0,0.0,58.0,80 nM
177,309,ppf024_xy86_0,50.0,1.0,0.01,0.07,0.0,0.0,58.0,80 nM
178,310,ppf024_xy88_0,1.0,0.16524496738977001,0.01,0.07,0.0,0.0,47.0,80 nM
179,311,ppf024_xy88_0,7.0,0.08920940791075442,0.01,0.07,0.0,0.0,47.0,80 nM
180,312,ppf024_xy88_0,13.0,0.12943055569139492,0.01,0.07,0.0,0.0,47.0,80 nM
181,313,ppf024_xy88_0,22.0,0.614456699712231,0.01,0.07,0.0,0.0,47.0,80 nM
182,314,ppf024_xy88_0,30.0,0.9148698166954995,0.01,0.07,0.0,0.0,47.0,80 nM
183,315,ppf024_xy88_0,40.0,1.0,0.01,0.07,0.0,0.0,47.0,80 nM
184,316,ppf024_xy89_0,1.0,0.11915397747771475,0.01,0.07,0.0,0.0,47.0,80 nM
185,317,ppf024_xy89_0,16.0,0.2052994893268873,0.01,0.07,0.0,0.0,47.0,80 nM
186,318,ppf024_xy89_0,26.0,0.44020264648236346,0.01,0.07,0.0,0.0,47.0,80 nM
187,319,ppf024_xy89_0,40.0,0.15508118629609802,0.01,0.07,0.0,0.0,47.0,80 nM
188,322,ppf024_xy91_0,19.0,0.5655346167691107,0.01,0.07,0.0,0.0,59.0,80 nM
189,323,ppf024_xy91_0,28.0,0.8085413472217496,0.01,0.07,0.0,0.0,59.0,80 nM
190,324,ppf024_xy91_0,40.0,0.8092611037531559,0.01,0.07,0.0,0.0,59.0,80 nM
191,325,ppf024_xy91_0,51.0,1.0,0.01,0.07,0.0,0.0,59.0,80 nM
192,326,ppf024_xy94_0,1.0,0.025545158410424075,0.01,0.01,0.0,0.0,38.0,80 nM
193,327,ppf024_xy94_0,8.0,0.10393634366222507,0.01,0.01,0.0,0.0,38.0,80 nM
194,328,ppf024_xy94_0,16.0,0.38219130052792843,0.01,0.01,0.0,0.0,38.0,80 nM
195,329,ppf024_xy94_0,27.0,1.0,0.01,0.01,0.0,0.0,38.0,80 nM
196,333,ppf024_xy97_0,6.0,0.24688663322745377,0.01,0.01,0.0,0.0,40.0,80 nM
197,334,ppf024_xy97_0,14.0,0.6755489563977372,0.01,0.01,0.0,0.0,40.0,80 nM
198,335,ppf024_xy97_0,22.0,1.0,0.01,0.01,0.0,0.0,40.0,80 nM
199,336,ppf024_xy97_0,32.0,0.873818193293691,0.01,0.01,0.0,0.0,40.0,80 nM
200,345,ppf024_xy98_0,2.0,0.052629066530175184,0.01,0.03,0.0,0.0,43.0,80 nM
201,346,ppf024_xy98_0,10.0,0.20782310312671753,0.01,0.03,0.0,0.0,43.0,80 nM
202,347,ppf024_xy98_0,17.0,0.8669473957704446,0.01,0.03,0.0,0.0,43.0,80 nM
203,348,ppf024_xy98_0,35.0,1.0,0.01,0.03,0.0,0.0,43.0,80 nM
