,Signal,Peak pos,Peak heights,Threshold,Peak proms,Time of death,Beginning of oscillation,End of oscillation,Condition
0,ppf025_xy001_0,2.0,0.15091345935820946,0.01,0.11,0.0,0.0,38.0,Control
1,ppf025_xy001_0,12.0,0.19288586051400675,0.01,0.11,0.0,0.0,38.0,Control
2,ppf025_xy001_0,17.0,0.9602864390600524,0.01,0.11,0.0,0.0,38.0,Control
3,ppf025_xy001_0,25.0,1.0,0.01,0.11,0.0,0.0,38.0,Control
4,ppf025_xy001_0,33.0,0.31187323066678446,0.01,0.11,0.0,0.0,38.0,Control
5,ppf025_xy002_0,4.0,0.06526322586844432,0.01,0.04,0.0,0.0,40.0,Control
6,ppf025_xy002_0,10.0,0.11266797278106634,0.01,0.04,0.0,0.0,40.0,Control
7,ppf025_xy002_0,16.0,0.6385377861294326,0.01,0.04,0.0,0.0,40.0,Control
8,ppf025_xy002_0,23.0,0.8895264426539625,0.01,0.04,0.0,0.0,40.0,Control
9,ppf025_xy002_0,31.0,1.0,0.01,0.04,0.0,0.0,40.0,Control
10,ppf025_xy003_0,2.0,0.04975084738026678,0.01,0.03,0.0,0.0,22.0,Control
11,ppf025_xy003_0,7.0,0.1407463362537594,0.01,0.03,0.0,0.0,22.0,Control
12,ppf025_xy003_0,15.0,1.0,0.01,0.03,0.0,0.0,22.0,Control
13,ppf025_xy006_0,2.0,0.013244858468324424,0.01,0.01,0.0,0.0,26.0,Control
14,ppf025_xy006_0,8.0,0.2723394045327891,0.01,0.01,0.0,0.0,26.0,Control
15,ppf025_xy006_0,14.0,0.6880252332315739,0.01,0.01,0.0,0.0,26.0,Control
16,ppf025_xy006_0,22.0,1.0,0.01,0.01,0.0,0.0,26.0,Control
17,ppf025_xy007_0,6.0,0.12034681442930108,0.01,0.01,0.0,0.0,30.0,Control
18,ppf025_xy007_0,10.0,0.3222763927744163,0.01,0.01,0.0,0.0,30.0,Control
19,ppf025_xy007_0,16.0,0.6487874586573519,0.01,0.01,0.0,0.0,30.0,Control
20,ppf025_xy007_0,23.0,1.0,0.01,0.01,0.0,0.0,30.0,Control
21,ppf025_xy010_0,7.0,0.15760765819099748,0.01,0.04,0.0,0.0,28.0,Control
22,ppf025_xy010_0,11.0,0.7248607142946198,0.01,0.04,0.0,0.0,28.0,Control
23,ppf025_xy010_0,20.0,1.0,0.01,0.04,0.0,0.0,28.0,Control
24,ppf025_xy012_0,1.0,0.03447789222509344,0.01,0.02,0.0,0.0,42.0,Control
25,ppf025_xy012_0,7.0,0.07220863225595889,0.01,0.02,0.0,0.0,42.0,Control
26,ppf025_xy012_0,13.0,0.2690968039684956,0.01,0.02,0.0,0.0,42.0,Control
27,ppf025_xy012_0,20.0,0.7723591634865956,0.01,0.02,0.0,0.0,42.0,Control
28,ppf025_xy012_0,27.0,1.0,0.01,0.02,0.0,0.0,42.0,Control
29,ppf025_xy012_0,34.0,0.5056644082738442,0.01,0.02,0.0,0.0,42.0,Control
30,ppf025_xy012_0,36.0,0.479532879732366,0.01,0.02,0.0,0.0,42.0,Control
31,ppf025_xy013_0,4.0,0.11887668451036593,0.01,0.02,0.0,0.0,37.0,Control
32,ppf025_xy013_0,9.0,0.4046281702631494,0.01,0.02,0.0,0.0,37.0,Control
33,ppf025_xy013_0,14.0,0.3180620753588748,0.01,0.02,0.0,0.0,37.0,Control
34,ppf025_xy013_0,22.0,0.7671925736460098,0.01,0.02,0.0,0.0,37.0,Control
35,ppf025_xy013_0,28.0,1.0,0.01,0.02,0.0,0.0,37.0,Control
36,ppf025_xy014_0,1.0,0.05863483382566696,0.01,0.02,0.0,0.0,30.0,Control
37,ppf025_xy014_0,6.0,0.07806174110104465,0.01,0.02,0.0,0.0,30.0,Control
38,ppf025_xy014_0,10.0,0.23729426417108435,0.01,0.02,0.0,0.0,30.0,Control
39,ppf025_xy014_0,16.0,0.2701208810645196,0.01,0.02,0.0,0.0,30.0,Control
40,ppf025_xy014_0,23.0,1.0,0.01,0.02,0.0,0.0,30.0,Control
41,ppf025_xy015_0,2.0,0.09559803638685797,0.01,0.02,0.0,0.0,38.0,Control
42,ppf025_xy015_0,7.0,0.2534660799435538,0.01,0.02,0.0,0.0,38.0,Control
43,ppf025_xy015_0,13.0,0.21955656143870278,0.01,0.02,0.0,0.0,38.0,Control
44,ppf025_xy015_0,20.0,0.331202155730437,0.01,0.02,0.0,0.0,38.0,Control
45,ppf025_xy015_0,28.0,1.0,0.01,0.02,0.0,0.0,38.0,Control
46,ppf025_xy016_0,4.0,0.04047094902440615,0.01,0.02,0.0,0.0,36.0,Control
47,ppf025_xy016_0,9.0,0.21867706505378087,0.01,0.02,0.0,0.0,36.0,Control
48,ppf025_xy016_0,15.0,0.7768344151399648,0.01,0.02,0.0,0.0,36.0,Control
49,ppf025_xy016_0,20.0,1.0,0.01,0.02,0.0,0.0,36.0,Control
50,ppf025_xy016_0,28.0,0.7692795439611644,0.01,0.02,0.0,0.0,36.0,Control
51,ppf025_xy017_0,14.0,0.21481480987946458,0.01,0.08,0.0,6.0,35.0,Control
52,ppf025_xy017_0,19.0,0.46250952280253066,0.01,0.08,0.0,6.0,35.0,Control
53,ppf025_xy017_0,26.0,1.0,0.01,0.08,0.0,6.0,35.0,Control
54,ppf025_xy019_0,2.0,0.3577197159865716,0.01,0.08,0.0,0.0,24.0,Control
55,ppf025_xy019_0,6.0,0.2985770670225408,0.01,0.08,0.0,0.0,24.0,Control
56,ppf025_xy019_0,12.0,0.8338636615445714,0.01,0.08,0.0,0.0,24.0,Control
57,ppf025_xy019_0,18.0,1.0,0.01,0.08,0.0,0.0,24.0,Control
58,ppf025_xy026_0,1.0,0.18600390939631925,0.01,0.03,0.0,0.0,33.0,Control
59,ppf025_xy026_0,6.0,0.1644464429895855,0.01,0.03,0.0,0.0,33.0,Control
60,ppf025_xy026_0,11.0,0.3617996664831224,0.01,0.03,0.0,0.0,33.0,Control
61,ppf025_xy026_0,18.0,0.4886233770785969,0.01,0.03,0.0,0.0,33.0,Control
62,ppf025_xy026_0,25.0,1.0,0.01,0.03,0.0,0.0,33.0,Control
63,ppf025_xy028_0,4.0,0.1966786976131157,0.01,0.03,0.0,0.0,37.0,Control
64,ppf025_xy028_0,9.0,0.6456908490377583,0.01,0.03,0.0,0.0,37.0,Control
65,ppf025_xy028_0,15.0,0.5818011734056122,0.01,0.03,0.0,0.0,37.0,Control
66,ppf025_xy028_0,23.0,1.0,0.01,0.03,0.0,0.0,37.0,Control
67,ppf025_xy028_0,32.0,0.46114019150866853,0.01,0.03,0.0,0.0,37.0,Control
68,ppf025_xy029_0,2.0,0.2160429817960967,0.01,0.03,0.0,0.0,20.0,Control
69,ppf025_xy029_0,8.0,0.6150770520496379,0.01,0.03,0.0,0.0,20.0,Control
70,ppf025_xy029_0,13.0,1.0,0.01,0.03,0.0,0.0,20.0,Control
71,ppf025_xy030_0,1.0,0.12381327684088286,0.01,0.03,0.0,0.0,40.0,Control
72,ppf025_xy030_0,6.0,0.15428586077684237,0.01,0.03,0.0,0.0,40.0,Control
73,ppf025_xy030_0,11.0,0.22026874192996093,0.01,0.03,0.0,0.0,40.0,Control
74,ppf025_xy030_0,16.0,0.2847429655199211,0.01,0.03,0.0,0.0,40.0,Control
75,ppf025_xy030_0,23.0,0.6170259012381588,0.01,0.03,0.0,0.0,40.0,Control
76,ppf025_xy030_0,30.0,1.0,0.01,0.03,0.0,0.0,40.0,Control
77,ppf025_xy031_0,2.0,0.06037110103981885,0.01,0.03,0.0,0.0,35.0,Control
78,ppf025_xy031_0,8.0,0.3696925631483677,0.01,0.03,0.0,0.0,35.0,Control
79,ppf025_xy031_0,13.0,0.5007876956382853,0.01,0.03,0.0,0.0,35.0,Control
80,ppf025_xy031_0,22.0,1.0,0.01,0.03,0.0,0.0,35.0,Control
81,ppf025_xy031_0,28.0,0.6209074640013152,0.01,0.03,0.0,0.0,35.0,Control
82,ppf025_xy031_1,2.0,0.09541040244414797,0.01,0.03,0.0,0.0,44.0,Control
83,ppf025_xy031_1,6.0,0.31256603038791436,0.01,0.03,0.0,0.0,44.0,Control
84,ppf025_xy031_1,10.0,0.2805733351707425,0.01,0.03,0.0,0.0,44.0,Control
85,ppf025_xy031_1,16.0,0.22710412230624344,0.01,0.03,0.0,0.0,44.0,Control
86,ppf025_xy031_1,23.0,0.9410836715751724,0.01,0.03,0.0,0.0,44.0,Control
87,ppf025_xy031_1,31.0,1.0,0.01,0.03,0.0,0.0,44.0,Control
88,ppf025_xy031_1,39.0,0.1891907435527812,0.01,0.03,0.0,0.0,44.0,Control
89,ppf025_xy032_0,3.0,0.07466960691011758,0.01,0.03,0.0,0.0,42.0,Control
90,ppf025_xy032_0,9.0,0.21040547436253698,0.01,0.03,0.0,0.0,42.0,Control
91,ppf025_xy032_0,14.0,0.5575999396142376,0.01,0.03,0.0,0.0,42.0,Control
92,ppf025_xy032_0,20.0,0.9740314622966508,0.01,0.03,0.0,0.0,42.0,Control
93,ppf025_xy032_0,26.0,1.0,0.01,0.03,0.0,0.0,42.0,Control
94,ppf025_xy032_0,34.0,0.5413699378334274,0.01,0.03,0.0,0.0,42.0,Control
95,ppf025_xy034_0,1.0,0.058459585389011394,0.01,0.01,0.0,0.0,36.0,40 nM
96,ppf025_xy034_0,7.0,0.09040552041057323,0.01,0.01,0.0,0.0,36.0,40 nM
97,ppf025_xy034_0,13.0,0.2187609167394902,0.01,0.01,0.0,0.0,36.0,40 nM
98,ppf025_xy034_0,20.0,0.2728706879424251,0.01,0.01,0.0,0.0,36.0,40 nM
99,ppf025_xy034_0,28.0,1.0,0.01,0.01,0.0,0.0,36.0,40 nM
100,ppf025_xy035_0,5.0,0.10660991119064503,0.01,0.05,0.0,0.0,46.0,40 nM
101,ppf025_xy035_0,9.0,0.06076909546847855,0.01,0.05,0.0,0.0,46.0,40 nM
102,ppf025_xy035_0,23.0,0.27140274433477607,0.01,0.05,0.0,0.0,46.0,40 nM
103,ppf025_xy035_0,30.0,1.0,0.01,0.05,0.0,0.0,46.0,40 nM
104,ppf025_xy035_0,38.0,0.583150155309122,0.01,0.05,0.0,0.0,46.0,40 nM
105,ppf025_xy037_0,1.0,0.025457103585392417,0.01,0.0,0.0,0.0,50.0,40 nM
106,ppf025_xy037_0,6.0,0.0562639784149953,0.01,0.0,0.0,0.0,50.0,40 nM
107,ppf025_xy037_0,11.0,0.19761035736051508,0.01,0.0,0.0,0.0,50.0,40 nM
108,ppf025_xy037_0,18.0,0.22173520190727816,0.01,0.0,0.0,0.0,50.0,40 nM
109,ppf025_xy037_0,24.0,0.6022131035703198,0.01,0.0,0.0,0.0,50.0,40 nM
110,ppf025_xy037_0,33.0,0.39832767002800806,0.01,0.0,0.0,0.0,50.0,40 nM
111,ppf025_xy037_0,43.0,1.0,0.01,0.0,0.0,0.0,50.0,40 nM
112,ppf025_xy038_0,7.0,0.3844054209824106,0.01,0.02,0.0,0.0,55.0,40 nM
113,ppf025_xy038_0,20.0,1.0,0.01,0.02,0.0,0.0,55.0,40 nM
114,ppf025_xy038_0,34.0,0.5718387885993926,0.01,0.02,0.0,0.0,55.0,40 nM
115,ppf025_xy038_0,48.0,0.5082129141733154,0.01,0.02,0.0,0.0,55.0,40 nM
116,ppf025_xy038_1,6.0,0.04232441649363095,0.01,0.02,0.0,2.0,36.0,40 nM
117,ppf025_xy038_1,11.0,0.3276425763179494,0.01,0.02,0.0,2.0,36.0,40 nM
118,ppf025_xy038_1,19.0,0.46654378039565475,0.01,0.02,0.0,2.0,36.0,40 nM
119,ppf025_xy038_1,28.0,1.0,0.01,0.02,0.0,2.0,36.0,40 nM
120,ppf025_xy039_0,5.0,0.04907911873747704,0.01,0.02,0.0,0.0,55.0,40 nM
121,ppf025_xy039_0,11.0,0.1318315510494251,0.01,0.02,0.0,0.0,55.0,40 nM
122,ppf025_xy039_0,18.0,0.3231206855307262,0.01,0.02,0.0,0.0,55.0,40 nM
123,ppf025_xy039_0,25.0,0.5441535655109949,0.01,0.02,0.0,0.0,55.0,40 nM
124,ppf025_xy039_0,35.0,0.8255554035752181,0.01,0.02,0.0,0.0,55.0,40 nM
125,ppf025_xy039_0,46.0,1.0,0.01,0.02,0.0,0.0,55.0,40 nM
126,ppf025_xy040_0,7.0,0.07609411688224928,0.01,0.02,0.0,5.0,51.0,40 nM
127,ppf025_xy040_0,13.0,0.2326247784106418,0.01,0.02,0.0,5.0,51.0,40 nM
128,ppf025_xy040_0,20.0,0.5325151896874549,0.01,0.02,0.0,5.0,51.0,40 nM
129,ppf025_xy040_0,30.0,1.0,0.01,0.02,0.0,5.0,51.0,40 nM
130,ppf025_xy040_0,40.0,0.810491851695797,0.01,0.02,0.0,5.0,51.0,40 nM
131,ppf025_xy041_1,2.0,0.2251719878615841,0.01,0.05,0.0,0.0,47.0,40 nM
132,ppf025_xy041_1,10.0,0.31718867132486706,0.01,0.05,0.0,0.0,47.0,40 nM
133,ppf025_xy041_1,17.0,0.35176209574793804,0.01,0.05,0.0,0.0,47.0,40 nM
134,ppf025_xy041_1,25.0,0.16699642978794615,0.01,0.05,0.0,0.0,47.0,40 nM
135,ppf025_xy041_1,34.0,1.0,0.01,0.05,0.0,0.0,47.0,40 nM
136,ppf025_xy041_2,4.0,0.12789162373505156,0.01,0.05,0.0,0.0,47.0,40 nM
137,ppf025_xy041_2,9.0,0.12852180526353432,0.01,0.05,0.0,0.0,47.0,40 nM
138,ppf025_xy041_2,15.0,0.20472703475154508,0.01,0.05,0.0,0.0,47.0,40 nM
139,ppf025_xy041_2,22.0,0.6804544615984554,0.01,0.05,0.0,0.0,47.0,40 nM
140,ppf025_xy041_2,30.0,0.9260353862526662,0.01,0.05,0.0,0.0,47.0,40 nM
141,ppf025_xy041_2,40.0,1.0,0.01,0.05,0.0,0.0,47.0,40 nM
142,ppf025_xy042_0,9.0,0.06052648630739397,0.01,0.05,0.0,0.0,62.0,40 nM
143,ppf025_xy042_0,19.0,0.5884498228984405,0.01,0.05,0.0,0.0,62.0,40 nM
144,ppf025_xy042_0,29.0,1.0,0.01,0.05,0.0,0.0,62.0,40 nM
145,ppf025_xy042_0,43.0,0.7764363134255297,0.01,0.05,0.0,0.0,62.0,40 nM
146,ppf025_xy042_0,54.0,0.766771298933971,0.01,0.05,0.0,0.0,62.0,40 nM
147,ppf025_xy043_0,3.0,0.04524368364856659,0.01,0.01,0.0,0.0,48.0,40 nM
148,ppf025_xy043_0,8.0,0.06557928831232905,0.01,0.01,0.0,0.0,48.0,40 nM
149,ppf025_xy043_0,15.0,0.24944157329226993,0.01,0.01,0.0,0.0,48.0,40 nM
150,ppf025_xy043_0,21.0,0.971220561989042,0.01,0.01,0.0,0.0,48.0,40 nM
151,ppf025_xy043_0,23.0,1.0,0.01,0.01,0.0,0.0,48.0,40 nM
152,ppf025_xy043_0,32.0,0.8977604976861091,0.01,0.01,0.0,0.0,48.0,40 nM
153,ppf025_xy043_0,43.0,0.4233387600056946,0.01,0.01,0.0,0.0,48.0,40 nM
154,ppf025_xy044_0,2.0,0.07507617348403434,0.01,0.01,0.0,0.0,47.0,40 nM
155,ppf025_xy044_0,11.0,0.06854658459686179,0.01,0.01,0.0,0.0,47.0,40 nM
156,ppf025_xy044_0,20.0,0.4687492610576443,0.01,0.01,0.0,0.0,47.0,40 nM
157,ppf025_xy044_0,29.0,0.9009739569531607,0.01,0.01,0.0,0.0,47.0,40 nM
158,ppf025_xy044_0,39.0,1.0,0.01,0.01,0.0,0.0,47.0,40 nM
159,ppf025_xy046_0,7.0,0.19067173957509442,0.01,0.05,0.0,0.0,41.0,40 nM
160,ppf025_xy046_0,12.0,0.443317477250406,0.01,0.05,0.0,0.0,41.0,40 nM
161,ppf025_xy046_0,18.0,0.5709779100833574,0.01,0.05,0.0,0.0,41.0,40 nM
162,ppf025_xy046_0,25.0,0.7839268961823128,0.01,0.05,0.0,0.0,41.0,40 nM
163,ppf025_xy046_0,33.0,1.0,0.01,0.05,0.0,0.0,41.0,40 nM
164,ppf025_xy046_0,37.0,0.3629433428489615,0.01,0.05,0.0,0.0,41.0,40 nM
165,ppf025_xy047_0,3.0,0.05383102172068549,0.01,0.03,0.0,0.0,48.0,40 nM
166,ppf025_xy047_0,8.0,0.08770155963994627,0.01,0.03,0.0,0.0,48.0,40 nM
167,ppf025_xy047_0,14.0,0.2011265793611777,0.01,0.03,0.0,0.0,48.0,40 nM
168,ppf025_xy047_0,22.0,0.4466719918890798,0.01,0.03,0.0,0.0,48.0,40 nM
169,ppf025_xy047_0,31.0,0.7003645160218769,0.01,0.03,0.0,0.0,48.0,40 nM
170,ppf025_xy047_0,41.0,1.0,0.01,0.03,0.0,0.0,48.0,40 nM
171,ppf025_xy047_0,43.0,0.6665725516977502,0.01,0.03,0.0,0.0,48.0,40 nM
172,ppf025_xy047_1,10.0,0.059554950943737854,0.01,0.04,0.0,6.0,51.0,40 nM
173,ppf025_xy047_1,16.0,0.19900920321483925,0.01,0.04,0.0,6.0,51.0,40 nM
174,ppf025_xy047_1,25.0,0.6750527998844214,0.01,0.04,0.0,6.0,51.0,40 nM
175,ppf025_xy047_1,33.0,1.0,0.01,0.04,0.0,6.0,51.0,40 nM
176,ppf025_xy047_1,44.0,0.7107743785574282,0.01,0.04,0.0,6.0,51.0,40 nM
177,ppf025_xy047_1,47.0,0.5941646291465913,0.01,0.04,0.0,6.0,51.0,40 nM
178,ppf025_xy048_0,1.0,0.1058226374921953,0.01,0.04,0.0,0.0,47.0,40 nM
179,ppf025_xy048_0,10.0,0.08141844663310846,0.01,0.04,0.0,0.0,47.0,40 nM
180,ppf025_xy048_0,18.0,0.6707555742357411,0.01,0.04,0.0,0.0,47.0,40 nM
181,ppf025_xy048_0,27.0,1.0,0.01,0.04,0.0,0.0,47.0,40 nM
182,ppf025_xy048_0,39.0,0.8422831794213449,0.01,0.04,0.0,0.0,47.0,40 nM
183,ppf025_xy049_0,2.0,0.10190746541843039,0.01,0.04,0.0,0.0,38.0,40 nM
184,ppf025_xy049_0,8.0,0.2584797775696759,0.01,0.04,0.0,0.0,38.0,40 nM
185,ppf025_xy049_0,14.0,0.24473584121499253,0.01,0.04,0.0,0.0,38.0,40 nM
186,ppf025_xy049_0,21.0,0.9776191873177544,0.01,0.04,0.0,0.0,38.0,40 nM
187,ppf025_xy049_0,30.0,1.0,0.01,0.04,0.0,0.0,38.0,40 nM
188,ppf025_xy050_0,7.0,0.023957096976581358,0.01,0.02,0.0,0.0,64.0,40 nM
189,ppf025_xy050_0,21.0,0.139125087104569,0.01,0.02,0.0,0.0,64.0,40 nM
190,ppf025_xy050_0,30.0,1.0,0.01,0.02,0.0,0.0,64.0,40 nM
191,ppf025_xy050_0,41.0,0.9791522061616431,0.01,0.02,0.0,0.0,64.0,40 nM
192,ppf025_xy050_0,54.0,0.8965756863657216,0.01,0.02,0.0,0.0,64.0,40 nM
193,ppf025_xy051_0,4.0,0.0660077986177472,0.01,0.02,0.0,0.0,40.0,40 nM
194,ppf025_xy051_0,11.0,0.12129436704208717,0.01,0.02,0.0,0.0,40.0,40 nM
195,ppf025_xy051_0,19.0,0.3643442349712343,0.01,0.02,0.0,0.0,40.0,40 nM
196,ppf025_xy051_0,30.0,1.0,0.01,0.02,0.0,0.0,40.0,40 nM
197,ppf025_xy052_0,7.0,0.1046449614957682,0.01,0.02,0.0,0.0,40.0,40 nM
198,ppf025_xy052_0,12.0,0.12064363034527385,0.01,0.02,0.0,0.0,40.0,40 nM
199,ppf025_xy052_0,18.0,0.24217844027424495,0.01,0.02,0.0,0.0,40.0,40 nM
200,ppf025_xy052_0,25.0,0.4919830421467939,0.01,0.02,0.0,0.0,40.0,40 nM
201,ppf025_xy052_0,33.0,1.0,0.01,0.02,0.0,0.0,40.0,40 nM
202,ppf025_xy054_0,4.0,0.05046492760996517,0.01,0.02,0.0,0.0,60.0,40 nM
203,ppf025_xy054_0,15.0,0.0421736834101404,0.01,0.02,0.0,0.0,60.0,40 nM
204,ppf025_xy054_0,21.0,0.3028803016308705,0.01,0.02,0.0,0.0,60.0,40 nM
205,ppf025_xy054_0,28.0,0.7620474570300966,0.01,0.02,0.0,0.0,60.0,40 nM
206,ppf025_xy054_0,36.0,0.9791227754397246,0.01,0.02,0.0,0.0,60.0,40 nM
207,ppf025_xy054_0,47.0,1.0,0.01,0.02,0.0,0.0,60.0,40 nM
208,ppf025_xy054_0,55.0,0.18963226920175558,0.01,0.02,0.0,0.0,60.0,40 nM
209,ppf025_xy055_0,2.0,0.05898592837055172,0.01,0.02,0.0,0.0,41.0,40 nM
210,ppf025_xy055_0,9.0,0.05964528909661135,0.01,0.02,0.0,0.0,41.0,40 nM
211,ppf025_xy055_0,14.0,0.4739228772931977,0.01,0.02,0.0,0.0,41.0,40 nM
212,ppf025_xy055_0,23.0,0.8177356134679775,0.01,0.02,0.0,0.0,41.0,40 nM
213,ppf025_xy055_0,32.0,1.0,0.01,0.02,0.0,0.0,41.0,40 nM
214,ppf025_xy056_0,7.0,0.057004951033087684,0.01,0.02,0.0,0.0,41.0,40 nM
215,ppf025_xy056_0,11.0,0.13567500459863696,0.01,0.02,0.0,0.0,41.0,40 nM
216,ppf025_xy056_0,17.0,0.5047692917823368,0.01,0.02,0.0,0.0,41.0,40 nM
217,ppf025_xy056_0,24.0,1.0,0.01,0.02,0.0,0.0,41.0,40 nM
218,ppf025_xy056_0,34.0,0.8949593109133474,0.01,0.02,0.0,0.0,41.0,40 nM
219,ppf025_xy057_0,1.0,0.0873539848914412,0.01,0.02,0.0,0.0,51.0,40 nM
220,ppf025_xy057_0,7.0,0.1103845832447378,0.01,0.02,0.0,0.0,51.0,40 nM
221,ppf025_xy057_0,14.0,0.23390399508459295,0.01,0.02,0.0,0.0,51.0,40 nM
222,ppf025_xy057_0,22.0,0.4514055831104993,0.01,0.02,0.0,0.0,51.0,40 nM
223,ppf025_xy057_0,31.0,0.5714002590953869,0.01,0.02,0.0,0.0,51.0,40 nM
224,ppf025_xy057_0,41.0,1.0,0.01,0.02,0.0,0.0,51.0,40 nM
225,ppf025_xy060_0,13.0,0.05841490580965207,0.01,0.0,0.0,10.0,55.0,40 nM
226,ppf025_xy060_0,18.0,0.3261037626226867,0.01,0.0,0.0,10.0,55.0,40 nM
227,ppf025_xy060_0,24.0,0.46822767081244693,0.01,0.0,0.0,10.0,55.0,40 nM
228,ppf025_xy060_0,31.0,0.8540884516761623,0.01,0.0,0.0,10.0,55.0,40 nM
229,ppf025_xy060_0,39.0,1.0,0.01,0.0,0.0,10.0,55.0,40 nM
230,ppf025_xy060_0,50.0,0.6862589041754728,0.01,0.0,0.0,10.0,55.0,40 nM
231,ppf025_xy061_0,1.0,0.04157849501872876,0.01,0.01,0.0,0.0,39.0,40 nM
232,ppf025_xy061_0,7.0,0.040394267395730675,0.01,0.01,0.0,0.0,39.0,40 nM
233,ppf025_xy061_0,15.0,0.3913994305437806,0.01,0.01,0.0,0.0,39.0,40 nM
234,ppf025_xy061_0,23.0,0.8196137135732635,0.01,0.01,0.0,0.0,39.0,40 nM
235,ppf025_xy061_0,32.0,1.0,0.01,0.01,0.0,0.0,39.0,40 nM
236,ppf025_xy062_0,2.0,0.12948527256607398,0.01,0.01,0.0,0.0,49.0,40 nM
237,ppf025_xy062_0,8.0,0.14005641757796172,0.01,0.01,0.0,0.0,49.0,40 nM
238,ppf025_xy062_0,14.0,0.24200277326088207,0.01,0.01,0.0,0.0,49.0,40 nM
239,ppf025_xy062_0,22.0,1.0,0.01,0.01,0.0,0.0,49.0,40 nM
240,ppf025_xy062_0,32.0,0.12288429616047697,0.01,0.01,0.0,0.0,49.0,40 nM
241,ppf025_xy062_0,41.0,0.7085113547970076,0.01,0.01,0.0,0.0,49.0,40 nM
242,ppf025_xy063_0,2.0,0.2372856472127505,0.01,0.01,0.0,0.0,48.0,40 nM
243,ppf025_xy063_0,9.0,0.07647117657789075,0.01,0.01,0.0,0.0,48.0,40 nM
244,ppf025_xy063_0,16.0,0.4935157532381888,0.01,0.01,0.0,0.0,48.0,40 nM
245,ppf025_xy063_0,24.0,0.9290638457686174,0.01,0.01,0.0,0.0,48.0,40 nM
246,ppf025_xy063_0,34.0,1.0,0.01,0.01,0.0,0.0,48.0,40 nM
247,ppf025_xy063_0,42.0,0.3641899955764484,0.01,0.01,0.0,0.0,48.0,40 nM
248,ppf025_xy064_0,6.0,0.0794326345397052,0.01,0.01,0.0,2.0,59.0,40 nM
249,ppf025_xy064_0,11.0,0.2026766529664172,0.01,0.01,0.0,2.0,59.0,40 nM
250,ppf025_xy064_0,18.0,0.16737729499258594,0.01,0.01,0.0,2.0,59.0,40 nM
251,ppf025_xy064_0,24.0,0.13139734797579486,0.01,0.01,0.0,2.0,59.0,40 nM
252,ppf025_xy064_0,32.0,0.6638017405286851,0.01,0.01,0.0,2.0,59.0,40 nM
253,ppf025_xy064_0,41.0,0.7893910461972552,0.01,0.01,0.0,2.0,59.0,40 nM
254,ppf025_xy064_0,52.0,1.0,0.01,0.01,0.0,2.0,59.0,40 nM
255,ppf025_xy065_0,2.0,0.049051698993285285,0.01,0.03,0.0,0.0,50.0,40 nM
256,ppf025_xy065_0,9.0,0.0585124786005423,0.01,0.03,0.0,0.0,50.0,40 nM
257,ppf025_xy065_0,15.0,0.23505526037435331,0.01,0.03,0.0,0.0,50.0,40 nM
258,ppf025_xy065_0,23.0,0.5876108114346394,0.01,0.03,0.0,0.0,50.0,40 nM
259,ppf025_xy065_0,33.0,0.995992300660109,0.01,0.03,0.0,0.0,50.0,40 nM
260,ppf025_xy065_0,45.0,1.0,0.01,0.03,0.0,0.0,50.0,40 nM
261,ppf025_xy066_0,2.0,0.1136896053364686,0.01,0.0,0.0,0.0,46.0,40 nM
262,ppf025_xy066_0,9.0,0.061095144577865586,0.01,0.0,0.0,0.0,46.0,40 nM
263,ppf025_xy066_0,14.0,0.3095774140531028,0.01,0.0,0.0,0.0,46.0,40 nM
264,ppf025_xy066_0,21.0,1.0,0.01,0.0,0.0,0.0,46.0,40 nM
265,ppf025_xy066_0,29.0,0.15815658274924288,0.01,0.0,0.0,0.0,46.0,40 nM
266,ppf025_xy066_0,39.0,0.3644207361143663,0.01,0.0,0.0,0.0,46.0,40 nM
267,ppf025_xy067_0,3.0,0.3408802671642652,0.01,0.08,0.0,0.0,68.0,40 nM
268,ppf025_xy067_0,12.0,0.2897186404860172,0.01,0.08,0.0,0.0,68.0,40 nM
269,ppf025_xy067_0,37.0,0.20619704528304802,0.01,0.08,0.0,0.0,68.0,40 nM
270,ppf025_xy067_0,55.0,1.0,0.01,0.08,0.0,0.0,68.0,40 nM
271,ppf025_xy068_0,8.0,0.02418338470366828,0.01,0.01,0.0,5.0,54.0,40 nM
272,ppf025_xy068_0,13.0,0.08130241908875183,0.01,0.01,0.0,5.0,54.0,40 nM
273,ppf025_xy068_0,20.0,0.42432274803597814,0.01,0.01,0.0,5.0,54.0,40 nM
274,ppf025_xy068_0,28.0,0.5895538624079718,0.01,0.01,0.0,5.0,54.0,40 nM
275,ppf025_xy068_0,30.0,0.45888329391975097,0.01,0.01,0.0,5.0,54.0,40 nM
276,ppf025_xy068_0,38.0,1.0,0.01,0.01,0.0,5.0,54.0,40 nM
277,ppf025_xy068_0,47.0,0.41108441864628587,0.01,0.01,0.0,5.0,54.0,40 nM
278,ppf025_xy068_0,51.0,0.1695092037483556,0.01,0.01,0.0,5.0,54.0,40 nM
279,ppf025_xy069_0,3.0,0.07043981872371881,0.01,0.01,0.0,0.0,51.0,80 nM
280,ppf025_xy069_0,11.0,0.09978527511727596,0.01,0.01,0.0,0.0,51.0,80 nM
281,ppf025_xy069_0,19.0,0.24488434523458572,0.01,0.01,0.0,0.0,51.0,80 nM
282,ppf025_xy069_0,28.0,0.7057956153434783,0.01,0.01,0.0,0.0,51.0,80 nM
283,ppf025_xy069_0,41.0,1.0,0.01,0.01,0.0,0.0,51.0,80 nM
284,ppf025_xy070_0,4.0,0.9071242561809502,0.01,0.01,0.0,0.0,42.0,80 nM
285,ppf025_xy070_0,10.0,0.04733135433339448,0.01,0.01,0.0,0.0,42.0,80 nM
286,ppf025_xy070_0,16.0,0.08104373475061688,0.01,0.01,0.0,0.0,42.0,80 nM
287,ppf025_xy070_0,24.0,0.7814852463241717,0.01,0.01,0.0,0.0,42.0,80 nM
288,ppf025_xy070_0,35.0,1.0,0.01,0.01,0.0,0.0,42.0,80 nM
289,ppf025_xy071_0,13.0,0.052554962396539055,0.01,0.01,0.0,10.0,49.0,80 nM
290,ppf025_xy071_0,21.0,0.22653683116650766,0.01,0.01,0.0,10.0,49.0,80 nM
291,ppf025_xy071_0,30.0,1.0,0.01,0.01,0.0,10.0,49.0,80 nM
292,ppf025_xy071_0,42.0,0.9258192035643048,0.01,0.01,0.0,10.0,49.0,80 nM
293,ppf025_xy073_0,3.0,0.03519802446976606,0.01,0.01,0.0,0.0,46.0,80 nM
294,ppf025_xy073_0,11.0,0.045322776607137565,0.01,0.01,0.0,0.0,46.0,80 nM
295,ppf025_xy073_0,17.0,0.16112998546448662,0.01,0.01,0.0,0.0,46.0,80 nM
296,ppf025_xy073_0,25.0,0.36152948638366084,0.01,0.01,0.0,0.0,46.0,80 nM
297,ppf025_xy073_0,37.0,1.0,0.01,0.01,0.0,0.0,46.0,80 nM
298,ppf025_xy074_0,3.0,0.019418893287377774,0.01,0.01,0.0,0.0,39.0,80 nM
299,ppf025_xy074_0,12.0,0.03824755077626439,0.01,0.01,0.0,0.0,39.0,80 nM
300,ppf025_xy074_0,19.0,0.13420351343518133,0.01,0.01,0.0,0.0,39.0,80 nM
301,ppf025_xy074_0,29.0,1.0,0.01,0.01,0.0,0.0,39.0,80 nM
302,ppf025_xy075_0,3.0,0.13628622930627068,0.01,0.01,0.0,0.0,45.0,80 nM
303,ppf025_xy075_0,11.0,0.1308489444546409,0.01,0.01,0.0,0.0,45.0,80 nM
304,ppf025_xy075_0,18.0,1.0,0.01,0.01,0.0,0.0,45.0,80 nM
305,ppf025_xy075_0,27.0,0.8427345084090361,0.01,0.01,0.0,0.0,45.0,80 nM
306,ppf025_xy075_0,37.0,0.6565841614591941,0.01,0.01,0.0,0.0,45.0,80 nM
307,ppf025_xy076_0,6.0,0.0790298822209026,0.01,0.04,0.0,0.0,62.0,80 nM
308,ppf025_xy076_0,20.0,0.3840016401525035,0.01,0.04,0.0,0.0,62.0,80 nM
309,ppf025_xy076_0,33.0,1.0,0.01,0.04,0.0,0.0,62.0,80 nM
310,ppf025_xy076_0,38.0,0.6451748747586192,0.01,0.04,0.0,0.0,62.0,80 nM
311,ppf025_xy076_0,54.0,0.6263054969409024,0.01,0.04,0.0,0.0,62.0,80 nM
312,ppf025_xy076_0,59.0,0.3474571087371794,0.01,0.04,0.0,0.0,62.0,80 nM
313,ppf025_xy077_0,3.0,0.1263507380788623,0.01,0.04,0.0,0.0,46.0,80 nM
314,ppf025_xy077_0,10.0,0.41378992822668775,0.01,0.04,0.0,0.0,46.0,80 nM
315,ppf025_xy077_0,19.0,0.6658621338859805,0.01,0.04,0.0,0.0,46.0,80 nM
316,ppf025_xy077_0,27.0,0.7132247171340169,0.01,0.04,0.0,0.0,46.0,80 nM
317,ppf025_xy077_0,38.0,1.0,0.01,0.04,0.0,0.0,46.0,80 nM
318,ppf025_xy078_0,1.0,0.05815842940035008,0.01,0.02,0.0,0.0,40.0,80 nM
319,ppf025_xy078_0,8.0,0.04120418158304813,0.01,0.02,0.0,0.0,40.0,80 nM
320,ppf025_xy078_0,14.0,0.18786704406621083,0.01,0.02,0.0,0.0,40.0,80 nM
321,ppf025_xy078_0,22.0,0.411018217708512,0.01,0.02,0.0,0.0,40.0,80 nM
322,ppf025_xy078_0,31.0,1.0,0.01,0.02,0.0,0.0,40.0,80 nM
323,ppf025_xy079_0,5.0,0.46019645088381805,0.01,0.02,0.0,0.0,43.0,80 nM
324,ppf025_xy079_0,14.0,0.31870869877931285,0.01,0.02,0.0,0.0,43.0,80 nM
325,ppf025_xy079_0,23.0,0.4781052103222484,0.01,0.02,0.0,0.0,43.0,80 nM
326,ppf025_xy079_0,35.0,1.0,0.01,0.02,0.0,0.0,43.0,80 nM
327,ppf025_xy081_0,3.0,0.2402166476816518,0.01,0.08,0.0,0.0,56.0,80 nM
328,ppf025_xy081_0,10.0,0.20402235374300215,0.01,0.08,0.0,0.0,56.0,80 nM
329,ppf025_xy081_0,18.0,0.4826152163617176,0.01,0.08,0.0,0.0,56.0,80 nM
330,ppf025_xy081_0,26.0,0.8657268041010806,0.01,0.08,0.0,0.0,56.0,80 nM
331,ppf025_xy081_0,28.0,1.0,0.01,0.08,0.0,0.0,56.0,80 nM
332,ppf025_xy081_0,38.0,0.21199275675071028,0.01,0.08,0.0,0.0,56.0,80 nM
333,ppf025_xy081_0,47.0,0.9079917571167799,0.01,0.08,0.0,0.0,56.0,80 nM
334,ppf025_xy083_0,2.0,0.11415689759640324,0.01,0.07,0.0,0.0,54.0,80 nM
335,ppf025_xy083_0,8.0,0.14174617253232724,0.01,0.07,0.0,0.0,54.0,80 nM
336,ppf025_xy083_0,17.0,0.40207619589816573,0.01,0.07,0.0,0.0,54.0,80 nM
337,ppf025_xy083_0,26.0,0.7147389389435641,0.01,0.07,0.0,0.0,54.0,80 nM
338,ppf025_xy083_0,37.0,1.0,0.01,0.07,0.0,0.0,54.0,80 nM
339,ppf025_xy083_0,48.0,0.5026219556506243,0.01,0.07,0.0,0.0,54.0,80 nM
340,ppf025_xy085_0,2.0,0.02833845650150581,0.01,0.01,0.0,0.0,50.0,80 nM
341,ppf025_xy085_0,9.0,0.06897356086480791,0.01,0.01,0.0,0.0,50.0,80 nM
342,ppf025_xy085_0,15.0,0.1696239872204706,0.01,0.01,0.0,0.0,50.0,80 nM
343,ppf025_xy085_0,23.0,0.37859446909014366,0.01,0.01,0.0,0.0,50.0,80 nM
344,ppf025_xy085_0,32.0,0.338683195064136,0.01,0.01,0.0,0.0,50.0,80 nM
345,ppf025_xy085_0,42.0,1.0,0.01,0.01,0.0,0.0,50.0,80 nM
346,ppf025_xy086_0,1.0,0.04069760054882797,0.01,0.02,0.0,0.0,45.0,80 nM
347,ppf025_xy086_0,9.0,0.08765954970899745,0.01,0.02,0.0,0.0,45.0,80 nM
348,ppf025_xy086_0,16.0,0.38834246132678923,0.01,0.02,0.0,0.0,45.0,80 nM
349,ppf025_xy086_0,25.0,0.7659201460254565,0.01,0.02,0.0,0.0,45.0,80 nM
350,ppf025_xy086_0,36.0,1.0,0.01,0.02,0.0,0.0,45.0,80 nM
351,ppf025_xy087_0,9.0,0.1223758787872877,0.01,0.02,0.0,6.0,53.0,80 nM
352,ppf025_xy087_0,16.0,0.6003092734892919,0.01,0.02,0.0,6.0,53.0,80 nM
353,ppf025_xy087_0,24.0,0.6074726591386392,0.01,0.02,0.0,6.0,53.0,80 nM
354,ppf025_xy087_0,34.0,0.906929739723142,0.01,0.02,0.0,6.0,53.0,80 nM
355,ppf025_xy087_0,46.0,1.0,0.01,0.02,0.0,6.0,53.0,80 nM
356,ppf025_xy088_0,4.0,0.1849268180054758,0.01,0.09,0.0,0.0,46.0,80 nM
357,ppf025_xy088_0,10.0,0.2750431759699821,0.01,0.09,0.0,0.0,46.0,80 nM
358,ppf025_xy088_0,16.0,0.3519843547582482,0.01,0.09,0.0,0.0,46.0,80 nM
359,ppf025_xy088_0,28.0,1.0,0.01,0.09,0.0,0.0,46.0,80 nM
360,ppf025_xy088_0,38.0,0.8457254819963358,0.01,0.09,0.0,0.0,46.0,80 nM
361,ppf025_xy090_0,17.0,0.11063106413269429,0.01,0.05,0.0,13.0,46.0,80 nM
362,ppf025_xy090_0,28.0,0.7411834769278741,0.01,0.05,0.0,13.0,46.0,80 nM
363,ppf025_xy090_0,38.0,1.0,0.01,0.05,0.0,13.0,46.0,80 nM
364,ppf025_xy091_0,19.0,0.10817516400999476,0.01,0.05,0.0,14.0,47.0,80 nM
365,ppf025_xy091_0,29.0,0.7970593704752523,0.01,0.05,0.0,14.0,47.0,80 nM
366,ppf025_xy091_0,39.0,1.0,0.01,0.05,0.0,14.0,47.0,80 nM
367,ppf025_xy092_0,2.0,1.0,0.01,0.09,0.0,0.0,42.0,80 nM
368,ppf025_xy092_0,9.0,0.2870102469794647,0.01,0.09,0.0,0.0,42.0,80 nM
369,ppf025_xy092_0,20.0,0.9040215082627941,0.01,0.09,0.0,0.0,42.0,80 nM
370,ppf025_xy092_0,34.0,0.8125528526271381,0.01,0.09,0.0,0.0,42.0,80 nM
371,ppf025_xy093_0,3.0,0.06306590256391999,0.01,0.05,0.0,0.0,56.0,80 nM
372,ppf025_xy093_0,10.0,0.2834476152032213,0.01,0.05,0.0,0.0,56.0,80 nM
373,ppf025_xy093_0,19.0,0.9640445853611905,0.01,0.05,0.0,0.0,56.0,80 nM
374,ppf025_xy093_0,29.0,1.0,0.01,0.05,0.0,0.0,56.0,80 nM
375,ppf025_xy093_0,41.0,0.9842440331338373,0.01,0.05,0.0,0.0,56.0,80 nM
376,ppf025_xy093_0,51.0,0.1040755875111843,0.01,0.05,0.0,0.0,56.0,80 nM
377,ppf025_xy094_0,2.0,0.03753053861899945,0.01,0.02,0.0,0.0,46.0,80 nM
378,ppf025_xy094_0,11.0,0.028269008193368445,0.01,0.02,0.0,0.0,46.0,80 nM
379,ppf025_xy094_0,18.0,0.2738524122580014,0.01,0.02,0.0,0.0,46.0,80 nM
380,ppf025_xy094_0,27.0,0.8831171111456495,0.01,0.02,0.0,0.0,46.0,80 nM
381,ppf025_xy094_0,37.0,1.0,0.01,0.02,0.0,0.0,46.0,80 nM
382,ppf025_xy096_0,3.0,0.09248182098268272,0.01,0.02,0.0,0.0,44.0,80 nM
383,ppf025_xy096_0,10.0,0.0808107662127416,0.01,0.02,0.0,0.0,44.0,80 nM
384,ppf025_xy096_0,17.0,0.2270241847074812,0.01,0.02,0.0,0.0,44.0,80 nM
385,ppf025_xy096_0,28.0,1.0,0.01,0.02,0.0,0.0,44.0,80 nM
386,ppf025_xy096_0,37.0,0.21283185871050286,0.01,0.02,0.0,0.0,44.0,80 nM
387,ppf025_xy097_0,4.0,0.6691266681975919,0.01,0.02,0.0,0.0,36.0,80 nM
388,ppf025_xy097_0,11.0,0.7512972413151405,0.01,0.02,0.0,0.0,36.0,80 nM
389,ppf025_xy097_0,20.0,1.0,0.01,0.02,0.0,0.0,36.0,80 nM
390,ppf025_xy097_0,30.0,0.683039305528848,0.01,0.02,0.0,0.0,36.0,80 nM
391,ppf025_xy098_0,5.0,0.05484831341108552,0.01,0.03,0.0,0.0,52.0,80 nM
392,ppf025_xy098_0,12.0,0.14581393242221274,0.01,0.03,0.0,0.0,52.0,80 nM
393,ppf025_xy098_0,20.0,0.3048280709212197,0.01,0.03,0.0,0.0,52.0,80 nM
394,ppf025_xy098_0,29.0,1.0,0.01,0.03,0.0,0.0,52.0,80 nM
395,ppf025_xy098_0,43.0,0.8405623718545964,0.01,0.03,0.0,0.0,52.0,80 nM
396,ppf025_xy099_0,5.0,0.03411502030092216,0.01,0.03,0.0,0.0,33.0,80 nM
397,ppf025_xy099_0,10.0,0.10990056138789821,0.01,0.03,0.0,0.0,33.0,80 nM
398,ppf025_xy099_0,19.0,0.3167845820638048,0.01,0.03,0.0,0.0,33.0,80 nM
399,ppf025_xy099_0,29.0,0.3650768052580772,0.01,0.03,0.0,0.0,33.0,80 nM
400,ppf025_xy100_0,7.0,0.5827243639270683,0.01,0.03,0.0,0.0,36.0,80 nM
401,ppf025_xy100_0,13.0,0.6060951789163536,0.01,0.03,0.0,0.0,36.0,80 nM
402,ppf025_xy100_0,22.0,1.0,0.01,0.03,0.0,0.0,36.0,80 nM
403,ppf025_xy100_0,30.0,0.8530755040937302,0.01,0.03,0.0,0.0,36.0,80 nM
404,ppf025_xy101_0,7.0,0.1286608516154092,0.01,0.03,0.0,0.0,59.0,80 nM
405,ppf025_xy101_0,30.0,0.10592637420281657,0.01,0.03,0.0,0.0,59.0,80 nM
406,ppf025_xy101_0,42.0,1.0,0.01,0.03,0.0,0.0,59.0,80 nM
407,ppf025_xy101_0,53.0,0.1806309738215287,0.01,0.03,0.0,0.0,59.0,80 nM
