,Signal,Peak pos,Peak heights,Threshold,Peak proms,Time of death,Beginning of oscillation,End of oscillation,Condition
0,ppf021_xy001_0,3.0,0.5831151783044944,0.01,0.1,0.0,0.0,16.0,Control
1,ppf021_xy001_0,10.0,1.0,0.01,0.1,0.0,0.0,16.0,Control
2,ppf021_xy004_0,2.0,0.20479694928405218,0.01,0.1,0.0,0.0,23.0,Control
3,ppf021_xy004_0,9.0,0.39796821439675145,0.01,0.1,0.0,0.0,23.0,Control
4,ppf021_xy004_0,16.0,1.0,0.01,0.1,0.0,0.0,23.0,Control
5,ppf021_xy005_0,7.0,0.06439910435735004,0.01,0.03,0.0,5.0,45.0,Control
6,ppf021_xy005_0,11.0,0.22390974108475098,0.01,0.03,0.0,5.0,45.0,Control
7,ppf021_xy005_0,17.0,0.46610944261490583,0.01,0.03,0.0,5.0,45.0,Control
8,ppf021_xy005_0,23.0,0.5328182218589887,0.01,0.03,0.0,5.0,45.0,Control
9,ppf021_xy005_0,30.0,0.4834801472209794,0.01,0.03,0.0,5.0,45.0,Control
10,ppf021_xy005_0,38.0,1.0,0.01,0.03,0.0,5.0,45.0,Control
11,ppf021_xy006_0,6.0,0.14707207984423948,0.01,0.03,0.0,2.0,21.0,Control
12,ppf021_xy006_0,14.0,1.0,0.01,0.03,0.0,2.0,21.0,Control
13,ppf021_xy007_0,5.0,0.12477742347219972,0.01,0.03,0.0,0.0,43.0,Control
14,ppf021_xy007_0,11.0,0.6738185079557284,0.01,0.03,0.0,0.0,43.0,Control
15,ppf021_xy007_0,17.0,0.334738388643566,0.01,0.03,0.0,0.0,43.0,Control
16,ppf021_xy007_0,23.0,1.0,0.01,0.03,0.0,0.0,43.0,Control
17,ppf021_xy007_0,32.0,0.7674830848651866,0.01,0.03,0.0,0.0,43.0,Control
18,ppf021_xy007_0,39.0,0.09450496601242109,0.01,0.03,0.0,0.0,43.0,Control
19,ppf021_xy008_0,3.0,0.10892531329703396,0.01,0.02,0.0,0.0,42.0,Control
20,ppf021_xy008_0,7.0,0.1073830250313673,0.01,0.02,0.0,0.0,42.0,Control
21,ppf021_xy008_0,13.0,0.3126609242663364,0.01,0.02,0.0,0.0,42.0,Control
22,ppf021_xy008_0,20.0,0.5111889899083825,0.01,0.02,0.0,0.0,42.0,Control
23,ppf021_xy008_0,27.0,0.7163655017186445,0.01,0.02,0.0,0.0,42.0,Control
24,ppf021_xy008_0,35.0,1.0,0.01,0.02,0.0,0.0,42.0,Control
25,ppf021_xy010_0,8.0,0.029579518943253443,0.01,0.01,0.0,5.0,38.0,Control
26,ppf021_xy010_0,11.0,0.14477096125503444,0.01,0.01,0.0,5.0,38.0,Control
27,ppf021_xy010_0,17.0,1.0,0.01,0.01,0.0,5.0,38.0,Control
28,ppf021_xy010_0,24.0,0.3734051072296754,0.01,0.01,0.0,5.0,38.0,Control
29,ppf021_xy010_0,31.0,0.7103194742555358,0.01,0.01,0.0,5.0,38.0,Control
30,ppf021_xy011_0,10.0,0.19586814679829548,0.01,0.01,0.0,7.0,36.0,Control
31,ppf021_xy011_0,16.0,0.584573676974298,0.01,0.01,0.0,7.0,36.0,Control
32,ppf021_xy011_0,23.0,0.4484471625898832,0.01,0.01,0.0,7.0,36.0,Control
33,ppf021_xy011_0,30.0,1.0,0.01,0.01,0.0,7.0,36.0,Control
34,ppf021_xy013_0,1.0,0.014482089852166601,0.01,0.01,0.0,0.0,20.0,Control
35,ppf021_xy013_0,7.0,0.21319242780411748,0.01,0.01,0.0,0.0,20.0,Control
36,ppf021_xy013_0,13.0,1.0,0.01,0.01,0.0,0.0,20.0,Control
37,ppf021_xy014_0,6.0,0.038561507614823534,0.01,0.01,0.0,5.0,30.0,Control
38,ppf021_xy014_0,11.0,0.16805889920969078,0.01,0.01,0.0,5.0,30.0,Control
39,ppf021_xy014_0,18.0,1.0,0.01,0.01,0.0,5.0,30.0,Control
40,ppf021_xy014_0,25.0,0.2543876027078659,0.01,0.01,0.0,5.0,30.0,Control
41,ppf021_xy016_0,2.0,0.07386156278250686,0.01,0.01,0.0,0.0,29.0,Control
42,ppf021_xy016_0,7.0,0.16542536093221394,0.01,0.01,0.0,0.0,29.0,Control
43,ppf021_xy016_0,13.0,0.42831985875879225,0.01,0.01,0.0,0.0,29.0,Control
44,ppf021_xy016_0,20.0,1.0,0.01,0.01,0.0,0.0,29.0,Control
45,ppf021_xy020_0,1.0,0.11611591976554451,0.01,0.0,0.0,0.0,20.0,Control
46,ppf021_xy020_0,6.0,0.21946470150794625,0.01,0.0,0.0,0.0,20.0,Control
47,ppf021_xy020_0,13.0,1.0,0.01,0.0,0.0,0.0,20.0,Control
48,ppf021_xy021_0,5.0,0.17556753737644973,0.01,0.02,0.0,2.0,20.0,Control
49,ppf021_xy021_0,12.0,1.0,0.01,0.02,0.0,2.0,20.0,Control
50,ppf021_xy026_0,5.0,0.2944460498770054,0.01,0.02,0.0,2.0,18.0,Control
51,ppf021_xy026_0,11.0,1.0,0.01,0.02,0.0,2.0,18.0,Control
52,ppf021_xy027_0,1.0,0.43032493745079664,0.01,0.0,0.0,0.0,22.0,Control
53,ppf021_xy027_0,7.0,0.4824391924040269,0.01,0.0,0.0,0.0,22.0,Control
54,ppf021_xy027_0,16.0,1.0,0.01,0.0,0.0,0.0,22.0,Control
55,ppf021_xy028_0,5.0,0.058657031678585395,0.01,0.02,0.0,3.0,35.0,Control
56,ppf021_xy028_0,10.0,0.16777032867779948,0.01,0.02,0.0,3.0,35.0,Control
57,ppf021_xy028_0,15.0,0.24058234458084188,0.01,0.02,0.0,3.0,35.0,Control
58,ppf021_xy028_0,21.0,0.3839791601848474,0.01,0.02,0.0,3.0,35.0,Control
59,ppf021_xy028_0,29.0,1.0,0.01,0.02,0.0,3.0,35.0,Control
60,ppf021_xy029_0,2.0,0.4328222453630857,0.01,0.02,0.0,0.0,38.0,Control
61,ppf021_xy029_0,7.0,0.18841621514516768,0.01,0.02,0.0,0.0,38.0,Control
62,ppf021_xy029_0,13.0,0.43811885441161036,0.01,0.02,0.0,0.0,38.0,Control
63,ppf021_xy029_0,23.0,0.15207391474109747,0.01,0.02,0.0,0.0,38.0,Control
64,ppf021_xy029_0,30.0,1.0,0.01,0.02,0.0,0.0,38.0,Control
65,ppf021_xy030_0,1.0,0.08827380259249476,0.01,0.02,0.0,0.0,19.0,Control
66,ppf021_xy030_0,6.0,0.18736859553626864,0.01,0.02,0.0,0.0,19.0,Control
67,ppf021_xy030_0,12.0,1.0,0.01,0.02,0.0,0.0,19.0,Control
68,ppf021_xy034_2,1.0,0.10653563333882955,0.01,0.01,0.0,0.0,21.0,Control
69,ppf021_xy034_2,7.0,0.5181993065790746,0.01,0.01,0.0,0.0,21.0,Control
70,ppf021_xy034_2,14.0,1.0,0.01,0.01,0.0,0.0,21.0,Control
71,ppf021_xy035_0,1.0,0.023857235245116345,0.01,0.01,0.0,0.0,28.0,Control
72,ppf021_xy035_0,7.0,0.03642379053558715,0.01,0.01,0.0,0.0,28.0,Control
73,ppf021_xy035_0,13.0,0.29167453269215826,0.01,0.01,0.0,0.0,28.0,Control
74,ppf021_xy035_0,20.0,1.0,0.01,0.01,0.0,0.0,28.0,Control
75,ppf021_xy038_0,3.0,0.09384208517331671,0.01,0.01,0.0,0.0,47.0,40 nM
76,ppf021_xy038_0,10.0,0.14937728018950713,0.01,0.01,0.0,0.0,47.0,40 nM
77,ppf021_xy038_0,16.0,0.8105911288523711,0.01,0.01,0.0,0.0,47.0,40 nM
78,ppf021_xy038_0,23.0,0.3382156715601103,0.01,0.01,0.0,0.0,47.0,40 nM
79,ppf021_xy038_0,31.0,1.0,0.01,0.01,0.0,0.0,47.0,40 nM
80,ppf021_xy038_0,40.0,0.6594585717350306,0.01,0.01,0.0,0.0,47.0,40 nM
81,ppf021_xy039_0,4.0,0.6575751907491891,0.01,0.01,0.0,0.0,31.0,40 nM
82,ppf021_xy039_0,10.0,0.625131790351157,0.01,0.01,0.0,0.0,31.0,40 nM
83,ppf021_xy039_0,17.0,0.5850003327046823,0.01,0.01,0.0,0.0,31.0,40 nM
84,ppf021_xy039_0,25.0,1.0,0.01,0.01,0.0,0.0,31.0,40 nM
85,ppf021_xy040_0,4.0,0.03163794640351095,0.01,0.01,2.0,2.0,52.0,40 nM
86,ppf021_xy040_0,12.0,0.05966102739276966,0.01,0.01,2.0,2.0,52.0,40 nM
87,ppf021_xy040_0,18.0,0.2959670397129461,0.01,0.01,2.0,2.0,52.0,40 nM
88,ppf021_xy040_0,24.0,0.15101870307309184,0.01,0.01,2.0,2.0,52.0,40 nM
89,ppf021_xy040_0,32.0,0.4490479555157796,0.01,0.01,2.0,2.0,52.0,40 nM
90,ppf021_xy040_0,39.0,1.0,0.01,0.01,2.0,2.0,52.0,40 nM
91,ppf021_xy040_0,49.0,0.39539889468200407,0.01,0.01,2.0,2.0,52.0,40 nM
92,ppf021_xy046_0,3.0,0.17979000122560318,0.01,0.01,0.0,0.0,31.0,40 nM
93,ppf021_xy046_0,9.0,0.12277078071236018,0.01,0.01,0.0,0.0,31.0,40 nM
94,ppf021_xy046_0,16.0,0.3788026755196199,0.01,0.01,0.0,0.0,31.0,40 nM
95,ppf021_xy046_0,24.0,1.0,0.01,0.01,0.0,0.0,31.0,40 nM
96,ppf021_xy049_0,4.0,0.15336782254986286,0.01,0.01,0.0,0.0,21.0,40 nM
97,ppf021_xy049_0,12.0,1.0,0.01,0.01,0.0,0.0,21.0,40 nM
98,ppf021_xy050_0,4.0,0.4165081138580012,0.01,0.01,0.0,0.0,30.0,40 nM
99,ppf021_xy050_0,11.0,0.6247229903684948,0.01,0.01,0.0,0.0,30.0,40 nM
100,ppf021_xy050_0,18.0,1.0,0.01,0.01,0.0,0.0,30.0,40 nM
101,ppf021_xy050_0,25.0,0.14269800310806968,0.01,0.01,0.0,0.0,30.0,40 nM
102,ppf021_xy051_0,2.0,0.3650704913976629,0.01,0.01,0.0,0.0,24.0,40 nM
103,ppf021_xy051_0,9.0,0.3336924319113558,0.01,0.01,0.0,0.0,24.0,40 nM
104,ppf021_xy051_0,17.0,1.0,0.01,0.01,0.0,0.0,24.0,40 nM
105,ppf021_xy052_0,3.0,0.07867281435838548,0.01,0.01,0.0,0.0,32.0,40 nM
106,ppf021_xy052_0,10.0,0.08536269221286975,0.01,0.01,0.0,0.0,32.0,40 nM
107,ppf021_xy052_0,18.0,0.3913109154414002,0.01,0.01,0.0,0.0,32.0,40 nM
108,ppf021_xy052_0,25.0,1.0,0.01,0.01,0.0,0.0,32.0,40 nM
109,ppf021_xy054_0,9.0,0.04521574150003257,0.01,0.01,0.0,6.0,37.0,40 nM
110,ppf021_xy054_0,19.0,0.570118100931792,0.01,0.01,0.0,6.0,37.0,40 nM
111,ppf021_xy054_0,28.0,1.0,0.01,0.01,0.0,6.0,37.0,40 nM
112,ppf021_xy055_0,4.0,0.03685050265542742,0.01,0.01,0.0,0.0,32.0,40 nM
113,ppf021_xy055_0,9.0,0.028893911682597796,0.01,0.01,0.0,0.0,32.0,40 nM
114,ppf021_xy055_0,15.0,0.11575909671238073,0.01,0.01,0.0,0.0,32.0,40 nM
115,ppf021_xy055_0,24.0,1.0,0.01,0.01,0.0,0.0,32.0,40 nM
116,ppf021_xy056_0,7.0,0.06589672377067177,0.01,0.01,0.0,5.0,37.0,40 nM
117,ppf021_xy056_0,13.0,0.3469685596110812,0.01,0.01,0.0,5.0,37.0,40 nM
118,ppf021_xy056_0,22.0,0.8098914887637924,0.01,0.01,0.0,5.0,37.0,40 nM
119,ppf021_xy056_0,31.0,1.0,0.01,0.01,0.0,5.0,37.0,40 nM
120,ppf021_xy057_0,15.0,0.1905143679356329,0.01,0.13,0.0,11.0,60.0,40 nM
121,ppf021_xy057_0,22.0,0.4319466602148534,0.01,0.13,0.0,11.0,60.0,40 nM
122,ppf021_xy057_0,32.0,0.7524299977037463,0.01,0.13,0.0,11.0,60.0,40 nM
123,ppf021_xy057_0,41.0,1.0,0.01,0.13,0.0,11.0,60.0,40 nM
124,ppf021_xy057_0,51.0,0.4106732623038501,0.01,0.13,0.0,11.0,60.0,40 nM
125,ppf021_xy059_0,3.0,0.31045157697171905,0.01,0.07,0.0,1.0,55.0,40 nM
126,ppf021_xy059_0,17.0,0.3990466415617776,0.01,0.07,0.0,1.0,55.0,40 nM
127,ppf021_xy059_0,25.0,0.3018251882076443,0.01,0.07,0.0,1.0,55.0,40 nM
128,ppf021_xy059_0,35.0,0.28681305604403695,0.01,0.07,0.0,1.0,55.0,40 nM
129,ppf021_xy059_0,45.0,1.0,0.01,0.07,0.0,1.0,55.0,40 nM
130,ppf021_xy060_2,9.0,0.05420726950385271,0.01,0.01,0.0,6.0,37.0,40 nM
131,ppf021_xy060_2,17.0,0.23667203701719683,0.01,0.01,0.0,6.0,37.0,40 nM
132,ppf021_xy060_2,27.0,1.0,0.01,0.01,0.0,6.0,37.0,40 nM
133,ppf021_xy060_2,29.0,0.779601877288556,0.01,0.01,0.0,6.0,37.0,40 nM
134,ppf021_xy060_0,1.0,0.12949998377247918,0.01,0.03,0.0,0.0,33.0,40 nM
135,ppf021_xy060_0,9.0,0.14763643263455037,0.01,0.03,0.0,0.0,33.0,40 nM
136,ppf021_xy060_0,18.0,1.0,0.01,0.03,0.0,0.0,33.0,40 nM
137,ppf021_xy060_0,26.0,0.6188966941081888,0.01,0.03,0.0,0.0,33.0,40 nM
138,ppf021_xy060_1,11.0,0.4673960989967229,0.01,0.05,0.0,5.0,40.0,40 nM
139,ppf021_xy060_1,17.0,0.4238767039417176,0.01,0.05,0.0,5.0,40.0,40 nM
140,ppf021_xy060_1,32.0,1.0,0.01,0.05,0.0,5.0,40.0,40 nM
141,ppf021_xy062_0,8.0,0.14486553638134597,0.01,0.05,0.0,3.0,35.0,40 nM
142,ppf021_xy062_0,19.0,1.0,0.01,0.05,0.0,3.0,35.0,40 nM
143,ppf021_xy062_0,26.0,0.5566603612151446,0.01,0.05,0.0,3.0,35.0,40 nM
144,ppf021_xy065_0,8.0,0.10797449491657793,0.01,0.05,0.0,4.0,52.0,40 nM
145,ppf021_xy065_0,14.0,0.11386095509970774,0.01,0.05,0.0,4.0,52.0,40 nM
146,ppf021_xy065_0,21.0,0.42309499459705197,0.01,0.05,0.0,4.0,52.0,40 nM
147,ppf021_xy065_0,29.0,0.29973260327868406,0.01,0.05,0.0,4.0,52.0,40 nM
148,ppf021_xy065_0,40.0,1.0,0.01,0.05,0.0,4.0,52.0,40 nM
149,ppf021_xy065_1,3.0,0.105993852471347,0.01,0.05,0.0,0.0,39.0,40 nM
150,ppf021_xy065_1,8.0,0.12324395343741375,0.01,0.05,0.0,0.0,39.0,40 nM
151,ppf021_xy065_1,15.0,1.0,0.01,0.05,0.0,0.0,39.0,40 nM
152,ppf021_xy065_1,23.0,0.3446796785657783,0.01,0.05,0.0,0.0,39.0,40 nM
153,ppf021_xy065_1,32.0,0.929192155559197,0.01,0.05,0.0,0.0,39.0,40 nM
154,ppf021_xy066_0,14.0,0.3324010707252528,0.01,0.09,0.0,7.0,38.0,40 nM
155,ppf021_xy066_0,22.0,0.4099032926402416,0.01,0.09,0.0,7.0,38.0,40 nM
156,ppf021_xy066_0,31.0,1.0,0.01,0.09,0.0,7.0,38.0,40 nM
157,ppf021_xy067_1,3.0,0.14299335509621908,0.01,0.06,0.0,0.0,22.0,40 nM
158,ppf021_xy067_1,9.0,0.4443595010030058,0.01,0.06,0.0,0.0,22.0,40 nM
159,ppf021_xy067_1,16.0,1.0,0.01,0.06,0.0,0.0,22.0,40 nM
160,ppf021_xy069_0,9.0,0.14187895046181828,0.01,0.06,0.0,6.0,46.0,40 nM
161,ppf021_xy069_0,16.0,0.6667130616175139,0.01,0.06,0.0,6.0,46.0,40 nM
162,ppf021_xy069_0,22.0,0.45992086657893333,0.01,0.06,0.0,6.0,46.0,40 nM
163,ppf021_xy069_0,32.0,1.0,0.01,0.06,0.0,6.0,46.0,40 nM
164,ppf021_xy069_0,41.0,0.603048225135564,0.01,0.06,0.0,6.0,46.0,40 nM
165,ppf021_xy070_0,5.0,0.16573089159212254,0.01,0.11,0.0,3.0,39.0,40 nM
166,ppf021_xy070_0,13.0,0.41307495405427236,0.01,0.11,0.0,3.0,39.0,40 nM
167,ppf021_xy070_0,24.0,1.0,0.01,0.11,0.0,3.0,39.0,40 nM
168,ppf021_xy070_0,32.0,0.6092860348196701,0.01,0.11,0.0,3.0,39.0,40 nM
169,ppf021_xy073_0,4.0,0.03473653554357687,0.01,0.0,0.0,3.0,39.0,40 nM
170,ppf021_xy073_0,9.0,0.03835424601269975,0.01,0.0,0.0,3.0,39.0,40 nM
171,ppf021_xy073_0,15.0,0.061947842676921445,0.01,0.0,0.0,3.0,39.0,40 nM
172,ppf021_xy073_0,23.0,0.4204565791560618,0.01,0.0,0.0,3.0,39.0,40 nM
173,ppf021_xy073_0,31.0,1.0,0.01,0.0,0.0,3.0,39.0,40 nM
174,ppf021_xy074_0,4.0,0.1619853508848235,0.01,0.05,0.0,1.0,51.0,40 nM
175,ppf021_xy074_0,12.0,0.33512416255702115,0.01,0.05,0.0,1.0,51.0,40 nM
176,ppf021_xy074_0,19.0,0.724139955401782,0.01,0.05,0.0,1.0,51.0,40 nM
177,ppf021_xy074_0,27.0,0.4551426169986427,0.01,0.05,0.0,1.0,51.0,40 nM
178,ppf021_xy074_0,35.0,0.7190541693004805,0.01,0.05,0.0,1.0,51.0,40 nM
179,ppf021_xy074_0,43.0,1.0,0.01,0.05,0.0,1.0,51.0,40 nM
180,ppf021_xy074_1,2.0,0.03196237560487568,0.01,0.01,0.0,1.0,36.0,40 nM
181,ppf021_xy074_1,17.0,0.24343940355165936,0.01,0.01,0.0,1.0,36.0,40 nM
182,ppf021_xy074_1,27.0,1.0,0.01,0.01,0.0,1.0,36.0,40 nM
183,ppf021_xy077_0,7.0,0.10937780090687493,0.01,0.01,0.0,0.0,29.0,80 nM
184,ppf021_xy077_0,15.0,1.0,0.01,0.01,0.0,0.0,29.0,80 nM
185,ppf021_xy077_0,23.0,0.39735748032151647,0.01,0.01,0.0,0.0,29.0,80 nM
186,ppf021_xy078_0,10.0,0.03772427530776207,0.01,0.01,0.0,8.0,44.0,80 nM
187,ppf021_xy078_0,15.0,0.2106054421652852,0.01,0.01,0.0,8.0,44.0,80 nM
188,ppf021_xy078_0,24.0,1.0,0.01,0.01,0.0,8.0,44.0,80 nM
189,ppf021_xy078_0,37.0,0.9397729187203882,0.01,0.01,0.0,8.0,44.0,80 nM
190,ppf021_xy079_0,2.0,0.09645698124686457,0.01,0.01,0.0,0.0,23.0,80 nM
191,ppf021_xy079_0,9.0,0.2840057558424881,0.01,0.01,0.0,0.0,23.0,80 nM
192,ppf021_xy079_0,16.0,1.0,0.01,0.01,0.0,0.0,23.0,80 nM
193,ppf021_xy081_0,19.0,0.596334888061333,0.01,0.08,0.0,13.0,35.0,80 nM
194,ppf021_xy081_0,27.0,1.0,0.01,0.08,0.0,13.0,35.0,80 nM
195,ppf021_xy085_1,21.0,0.05353119130472222,0.01,0.01,0.0,19.0,47.0,80 nM
196,ppf021_xy085_1,29.0,1.0,0.01,0.01,0.0,19.0,47.0,80 nM
197,ppf021_xy085_1,40.0,0.6980565125094378,0.01,0.01,0.0,19.0,47.0,80 nM
198,ppf021_xy086_0,16.0,0.3145287099232975,0.01,0.03,0.0,11.0,73.0,80 nM
199,ppf021_xy086_0,24.0,1.0,0.01,0.03,0.0,11.0,73.0,80 nM
200,ppf021_xy086_0,37.0,0.5630147600928159,0.01,0.03,0.0,11.0,73.0,80 nM
201,ppf021_xy086_0,51.0,0.6667480682259409,0.01,0.03,0.0,11.0,73.0,80 nM
202,ppf021_xy086_0,66.0,0.9134502750874598,0.01,0.03,0.0,11.0,73.0,80 nM
203,ppf021_xy088_0,21.0,0.15839653352979552,0.01,0.03,0.0,17.0,56.0,80 nM
204,ppf021_xy088_0,29.0,0.40995825379203266,0.01,0.03,0.0,17.0,56.0,80 nM
205,ppf021_xy088_0,39.0,1.0,0.01,0.03,0.0,17.0,56.0,80 nM
206,ppf021_xy088_0,49.0,0.7011030155607099,0.01,0.03,0.0,17.0,56.0,80 nM
207,ppf021_xy089_1,33.0,0.5709136003013469,0.01,0.06,0.0,20.0,66.0,80 nM
208,ppf021_xy089_1,43.0,0.14671049058362695,0.01,0.06,0.0,20.0,66.0,80 nM
209,ppf021_xy089_1,58.0,1.0,0.01,0.06,0.0,20.0,66.0,80 nM
210,ppf021_xy091_0,1.0,0.3133567293462958,0.01,0.06,0.0,0.0,26.0,80 nM
211,ppf021_xy091_0,9.0,1.0,0.01,0.06,0.0,0.0,26.0,80 nM
212,ppf021_xy091_0,18.0,0.8335100611928563,0.01,0.06,0.0,0.0,26.0,80 nM
213,ppf021_xy092_0,2.0,0.668852759454352,0.01,0.06,0.0,0.0,18.0,80 nM
214,ppf021_xy092_0,10.0,1.0,0.01,0.06,0.0,0.0,18.0,80 nM
215,ppf021_xy094_0,4.0,0.09294359649029722,0.01,0.06,0.0,0.0,40.0,80 nM
216,ppf021_xy094_0,10.0,0.4326795701249147,0.01,0.06,0.0,0.0,40.0,80 nM
217,ppf021_xy094_0,17.0,0.57980003910428,0.01,0.06,0.0,0.0,40.0,80 nM
218,ppf021_xy094_0,25.0,1.0,0.01,0.06,0.0,0.0,40.0,80 nM
219,ppf021_xy094_0,34.0,0.20621077985261657,0.01,0.06,0.0,0.0,40.0,80 nM
220,ppf021_xy095_0,4.0,0.059947718170994646,0.01,0.01,0.0,0.0,46.0,80 nM
221,ppf021_xy095_0,10.0,0.0466015852782005,0.01,0.01,0.0,0.0,46.0,80 nM
222,ppf021_xy095_0,18.0,0.6194777253484542,0.01,0.01,0.0,0.0,46.0,80 nM
223,ppf021_xy095_0,25.0,0.4418044817007287,0.01,0.01,0.0,0.0,46.0,80 nM
224,ppf021_xy095_0,31.0,1.0,0.01,0.01,0.0,0.0,46.0,80 nM
225,ppf021_xy095_0,37.0,0.8832349254693571,0.01,0.01,0.0,0.0,46.0,80 nM
226,ppf021_xy096_0,3.0,0.020781175471378782,0.01,0.01,0.0,0.0,49.0,80 nM
227,ppf021_xy096_0,12.0,0.025148997547682364,0.01,0.01,0.0,0.0,49.0,80 nM
228,ppf021_xy096_0,20.0,0.049090872836895595,0.01,0.01,0.0,0.0,49.0,80 nM
229,ppf021_xy096_0,28.0,0.15309388909242322,0.01,0.01,0.0,0.0,49.0,80 nM
230,ppf021_xy096_0,37.0,1.0,0.01,0.01,0.0,0.0,49.0,80 nM
231,ppf021_xy096_0,39.0,0.8725615621461845,0.01,0.01,0.0,0.0,49.0,80 nM
232,ppf021_xy097_0,2.0,0.17786464808638666,0.01,0.01,0.0,0.0,25.0,80 nM
233,ppf021_xy097_0,9.0,0.34121360640173926,0.01,0.01,0.0,0.0,25.0,80 nM
234,ppf021_xy097_0,19.0,1.0,0.01,0.01,0.0,0.0,25.0,80 nM
235,ppf021_xy098_0,3.0,0.17041435539369978,0.01,0.01,0.0,0.0,41.0,80 nM
236,ppf021_xy098_0,9.0,0.14054743402672212,0.01,0.01,0.0,0.0,41.0,80 nM
237,ppf021_xy098_0,16.0,0.3168970673494971,0.01,0.01,0.0,0.0,41.0,80 nM
238,ppf021_xy098_0,24.0,0.9115304212202883,0.01,0.01,0.0,0.0,41.0,80 nM
239,ppf021_xy098_0,34.0,1.0,0.01,0.01,0.0,0.0,41.0,80 nM
240,ppf021_xy099_0,10.0,0.1678935106050367,0.01,0.01,0.0,6.0,46.0,80 nM
241,ppf021_xy099_0,18.0,0.08557402006655335,0.01,0.01,0.0,6.0,46.0,80 nM
242,ppf021_xy099_0,26.0,0.5951431341536221,0.01,0.01,0.0,6.0,46.0,80 nM
243,ppf021_xy099_0,37.0,1.0,0.01,0.01,0.0,6.0,46.0,80 nM
244,ppf021_xy102_0,3.0,0.06846673527547278,0.01,0.01,0.0,0.0,30.0,80 nM
245,ppf021_xy102_0,8.0,0.26867956893524975,0.01,0.01,0.0,0.0,30.0,80 nM
246,ppf021_xy102_0,15.0,1.0,0.01,0.01,0.0,0.0,30.0,80 nM
247,ppf021_xy102_0,23.0,0.3128198180857478,0.01,0.01,0.0,0.0,30.0,80 nM
248,ppf021_xy103_0,1.0,0.048931253735210255,0.01,0.01,0.0,0.0,37.0,80 nM
249,ppf021_xy103_0,6.0,0.08602346391248415,0.01,0.01,0.0,0.0,37.0,80 nM
250,ppf021_xy103_0,13.0,0.4072632296261284,0.01,0.01,0.0,0.0,37.0,80 nM
251,ppf021_xy103_0,22.0,1.0,0.01,0.01,0.0,0.0,37.0,80 nM
252,ppf021_xy103_0,30.0,0.9794152245126827,0.01,0.01,0.0,0.0,37.0,80 nM
253,ppf021_xy104_0,7.0,0.34916022511650013,0.01,0.01,0.0,0.0,22.0,80 nM
254,ppf021_xy104_0,16.0,1.0,0.01,0.01,0.0,0.0,22.0,80 nM
255,ppf021_xy105_0,5.0,0.14020148618586378,0.01,0.01,0.0,2.0,29.0,80 nM
256,ppf021_xy105_0,14.0,1.0,0.01,0.01,0.0,2.0,29.0,80 nM
257,ppf021_xy105_0,22.0,0.41779297530384646,0.01,0.01,0.0,2.0,29.0,80 nM
258,ppf021_xy107_0,10.0,0.03406064776584587,0.01,0.01,0.0,7.0,48.0,80 nM
259,ppf021_xy107_0,17.0,0.17563916548967012,0.01,0.01,0.0,7.0,48.0,80 nM
260,ppf021_xy107_0,26.0,1.0,0.01,0.01,0.0,7.0,48.0,80 nM
261,ppf021_xy107_0,39.0,0.9230486764595972,0.01,0.01,0.0,7.0,48.0,80 nM
262,ppf021_xy108_0,7.0,0.9144047718114298,0.01,0.01,0.0,0.0,24.0,80 nM
263,ppf021_xy108_0,17.0,1.0,0.01,0.01,0.0,0.0,24.0,80 nM
264,ppf021_xy108_1,2.0,0.03896361065385115,0.01,0.01,0.0,0.0,24.0,80 nM
265,ppf021_xy108_1,5.0,0.07877019907393941,0.01,0.01,0.0,0.0,24.0,80 nM
266,ppf021_xy108_1,11.0,0.04240316799882015,0.01,0.01,0.0,0.0,24.0,80 nM
267,ppf021_xy108_1,19.0,0.19871914693617598,0.01,0.01,0.0,0.0,24.0,80 nM
